Rays(origins=array([[[[-2.9294407 , -2.069538  ,  1.5148228 ],
         [-2.9294407 , -2.069538  ,  1.5148228 ],
         [-2.9294407 , -2.069538  ,  1.5148228 ],
         ...,
         [-2.9294407 , -2.069538  ,  1.5148228 ],
         [-2.9294407 , -2.069538  ,  1.5148228 ],
         [-2.9294407 , -2.069538  ,  1.5148228 ]],

        [[-2.9294407 , -2.069538  ,  1.5148228 ],
         [-2.9294407 , -2.069538  ,  1.5148228 ],
         [-2.9294407 , -2.069538  ,  1.5148228 ],
         ...,
         [-2.9294407 , -2.069538  ,  1.5148228 ],
         [-2.9294407 , -2.069538  ,  1.5148228 ],
         [-2.9294407 , -2.069538  ,  1.5148228 ]],

        [[-2.9294407 , -2.069538  ,  1.5148228 ],
         [-2.9294407 , -2.069538  ,  1.5148228 ],
         [-2.9294407 , -2.069538  ,  1.5148228 ],
         ...,
         [-2.9294407 , -2.069538  ,  1.5148228 ],
         [-2.9294407 , -2.069538  ,  1.5148228 ],
         [-2.9294407 , -2.069538  ,  1.5148228 ]],

        ...,

        [[-2.9294407 , -2.069538  ,  1.5148228 ],
         [-2.9294407 , -2.069538  ,  1.5148228 ],
         [-2.9294407 , -2.069538  ,  1.5148228 ],
         ...,
         [-2.9294407 , -2.069538  ,  1.5148228 ],
         [-2.9294407 , -2.069538  ,  1.5148228 ],
         [-2.9294407 , -2.069538  ,  1.5148228 ]],

        [[-2.9294407 , -2.069538  ,  1.5148228 ],
         [-2.9294407 , -2.069538  ,  1.5148228 ],
         [-2.9294407 , -2.069538  ,  1.5148228 ],
         ...,
         [-2.9294407 , -2.069538  ,  1.5148228 ],
         [-2.9294407 , -2.069538  ,  1.5148228 ],
         [-2.9294407 , -2.069538  ,  1.5148228 ]],

        [[-2.9294407 , -2.069538  ,  1.5148228 ],
         [-2.9294407 , -2.069538  ,  1.5148228 ],
         [-2.9294407 , -2.069538  ,  1.5148228 ],
         ...,
         [-2.9294407 , -2.069538  ,  1.5148228 ],
         [-2.9294407 , -2.069538  ,  1.5148228 ],
         [-2.9294407 , -2.069538  ,  1.5148228 ]]],


       [[[-4.18059   ,  0.12371759,  1.5502428 ],
         [-4.18059   ,  0.12371759,  1.5502428 ],
         [-4.18059   ,  0.12371759,  1.5502428 ],
         ...,
         [-4.18059   ,  0.12371759,  1.5502428 ],
         [-4.18059   ,  0.12371759,  1.5502428 ],
         [-4.18059   ,  0.12371759,  1.5502428 ]],

        [[-4.18059   ,  0.12371759,  1.5502428 ],
         [-4.18059   ,  0.12371759,  1.5502428 ],
         [-4.18059   ,  0.12371759,  1.5502428 ],
         ...,
         [-4.18059   ,  0.12371759,  1.5502428 ],
         [-4.18059   ,  0.12371759,  1.5502428 ],
         [-4.18059   ,  0.12371759,  1.5502428 ]],

        [[-4.18059   ,  0.12371759,  1.5502428 ],
         [-4.18059   ,  0.12371759,  1.5502428 ],
         [-4.18059   ,  0.12371759,  1.5502428 ],
         ...,
         [-4.18059   ,  0.12371759,  1.5502428 ],
         [-4.18059   ,  0.12371759,  1.5502428 ],
         [-4.18059   ,  0.12371759,  1.5502428 ]],

        ...,

        [[-4.18059   ,  0.12371759,  1.5502428 ],
         [-4.18059   ,  0.12371759,  1.5502428 ],
         [-4.18059   ,  0.12371759,  1.5502428 ],
         ...,
         [-4.18059   ,  0.12371759,  1.5502428 ],
         [-4.18059   ,  0.12371759,  1.5502428 ],
         [-4.18059   ,  0.12371759,  1.5502428 ]],

        [[-4.18059   ,  0.12371759,  1.5502428 ],
         [-4.18059   ,  0.12371759,  1.5502428 ],
         [-4.18059   ,  0.12371759,  1.5502428 ],
         ...,
         [-4.18059   ,  0.12371759,  1.5502428 ],
         [-4.18059   ,  0.12371759,  1.5502428 ],
         [-4.18059   ,  0.12371759,  1.5502428 ]],

        [[-4.18059   ,  0.12371759,  1.5502428 ],
         [-4.18059   ,  0.12371759,  1.5502428 ],
         [-4.18059   ,  0.12371759,  1.5502428 ],
         ...,
         [-4.18059   ,  0.12371759,  1.5502428 ],
         [-4.18059   ,  0.12371759,  1.5502428 ],
         [-4.18059   ,  0.12371759,  1.5502428 ]]],


       [[[-3.0447986 ,  2.5195456 ,  1.5538305 ],
         [-3.0447986 ,  2.5195456 ,  1.5538305 ],
         [-3.0447986 ,  2.5195456 ,  1.5538305 ],
         ...,
         [-3.0447986 ,  2.5195456 ,  1.5538305 ],
         [-3.0447986 ,  2.5195456 ,  1.5538305 ],
         [-3.0447986 ,  2.5195456 ,  1.5538305 ]],

        [[-3.0447986 ,  2.5195456 ,  1.5538305 ],
         [-3.0447986 ,  2.5195456 ,  1.5538305 ],
         [-3.0447986 ,  2.5195456 ,  1.5538305 ],
         ...,
         [-3.0447986 ,  2.5195456 ,  1.5538305 ],
         [-3.0447986 ,  2.5195456 ,  1.5538305 ],
         [-3.0447986 ,  2.5195456 ,  1.5538305 ]],

        [[-3.0447986 ,  2.5195456 ,  1.5538305 ],
         [-3.0447986 ,  2.5195456 ,  1.5538305 ],
         [-3.0447986 ,  2.5195456 ,  1.5538305 ],
         ...,
         [-3.0447986 ,  2.5195456 ,  1.5538305 ],
         [-3.0447986 ,  2.5195456 ,  1.5538305 ],
         [-3.0447986 ,  2.5195456 ,  1.5538305 ]],

        ...,

        [[-3.0447986 ,  2.5195456 ,  1.5538305 ],
         [-3.0447986 ,  2.5195456 ,  1.5538305 ],
         [-3.0447986 ,  2.5195456 ,  1.5538305 ],
         ...,
         [-3.0447986 ,  2.5195456 ,  1.5538305 ],
         [-3.0447986 ,  2.5195456 ,  1.5538305 ],
         [-3.0447986 ,  2.5195456 ,  1.5538305 ]],

        [[-3.0447986 ,  2.5195456 ,  1.5538305 ],
         [-3.0447986 ,  2.5195456 ,  1.5538305 ],
         [-3.0447986 ,  2.5195456 ,  1.5538305 ],
         ...,
         [-3.0447986 ,  2.5195456 ,  1.5538305 ],
         [-3.0447986 ,  2.5195456 ,  1.5538305 ],
         [-3.0447986 ,  2.5195456 ,  1.5538305 ]],

        [[-3.0447986 ,  2.5195456 ,  1.5538305 ],
         [-3.0447986 ,  2.5195456 ,  1.5538305 ],
         [-3.0447986 ,  2.5195456 ,  1.5538305 ],
         ...,
         [-3.0447986 ,  2.5195456 ,  1.5538305 ],
         [-3.0447986 ,  2.5195456 ,  1.5538305 ],
         [-3.0447986 ,  2.5195456 ,  1.5538305 ]]],


       ...,


       [[[ 3.7682648 , -0.59560496,  1.5494006 ],
         [ 3.7682648 , -0.59560496,  1.5494006 ],
         [ 3.7682648 , -0.59560496,  1.5494006 ],
         ...,
         [ 3.7682648 , -0.59560496,  1.5494006 ],
         [ 3.7682648 , -0.59560496,  1.5494006 ],
         [ 3.7682648 , -0.59560496,  1.5494006 ]],

        [[ 3.7682648 , -0.59560496,  1.5494006 ],
         [ 3.7682648 , -0.59560496,  1.5494006 ],
         [ 3.7682648 , -0.59560496,  1.5494006 ],
         ...,
         [ 3.7682648 , -0.59560496,  1.5494006 ],
         [ 3.7682648 , -0.59560496,  1.5494006 ],
         [ 3.7682648 , -0.59560496,  1.5494006 ]],

        [[ 3.7682648 , -0.59560496,  1.5494006 ],
         [ 3.7682648 , -0.59560496,  1.5494006 ],
         [ 3.7682648 , -0.59560496,  1.5494006 ],
         ...,
         [ 3.7682648 , -0.59560496,  1.5494006 ],
         [ 3.7682648 , -0.59560496,  1.5494006 ],
         [ 3.7682648 , -0.59560496,  1.5494006 ]],

        ...,

        [[ 3.7682648 , -0.59560496,  1.5494006 ],
         [ 3.7682648 , -0.59560496,  1.5494006 ],
         [ 3.7682648 , -0.59560496,  1.5494006 ],
         ...,
         [ 3.7682648 , -0.59560496,  1.5494006 ],
         [ 3.7682648 , -0.59560496,  1.5494006 ],
         [ 3.7682648 , -0.59560496,  1.5494006 ]],

        [[ 3.7682648 , -0.59560496,  1.5494006 ],
         [ 3.7682648 , -0.59560496,  1.5494006 ],
         [ 3.7682648 , -0.59560496,  1.5494006 ],
         ...,
         [ 3.7682648 , -0.59560496,  1.5494006 ],
         [ 3.7682648 , -0.59560496,  1.5494006 ],
         [ 3.7682648 , -0.59560496,  1.5494006 ]],

        [[ 3.7682648 , -0.59560496,  1.5494006 ],
         [ 3.7682648 , -0.59560496,  1.5494006 ],
         [ 3.7682648 , -0.59560496,  1.5494006 ],
         ...,
         [ 3.7682648 , -0.59560496,  1.5494006 ],
         [ 3.7682648 , -0.59560496,  1.5494006 ],
         [ 3.7682648 , -0.59560496,  1.5494006 ]]],


       [[[ 2.6177115 , -3.0892136 ,  1.5452633 ],
         [ 2.6177115 , -3.0892136 ,  1.5452633 ],
         [ 2.6177115 , -3.0892136 ,  1.5452633 ],
         ...,
         [ 2.6177115 , -3.0892136 ,  1.5452633 ],
         [ 2.6177115 , -3.0892136 ,  1.5452633 ],
         [ 2.6177115 , -3.0892136 ,  1.5452633 ]],

        [[ 2.6177115 , -3.0892136 ,  1.5452633 ],
         [ 2.6177115 , -3.0892136 ,  1.5452633 ],
         [ 2.6177115 , -3.0892136 ,  1.5452633 ],
         ...,
         [ 2.6177115 , -3.0892136 ,  1.5452633 ],
         [ 2.6177115 , -3.0892136 ,  1.5452633 ],
         [ 2.6177115 , -3.0892136 ,  1.5452633 ]],

        [[ 2.6177115 , -3.0892136 ,  1.5452633 ],
         [ 2.6177115 , -3.0892136 ,  1.5452633 ],
         [ 2.6177115 , -3.0892136 ,  1.5452633 ],
         ...,
         [ 2.6177115 , -3.0892136 ,  1.5452633 ],
         [ 2.6177115 , -3.0892136 ,  1.5452633 ],
         [ 2.6177115 , -3.0892136 ,  1.5452633 ]],

        ...,

        [[ 2.6177115 , -3.0892136 ,  1.5452633 ],
         [ 2.6177115 , -3.0892136 ,  1.5452633 ],
         [ 2.6177115 , -3.0892136 ,  1.5452633 ],
         ...,
         [ 2.6177115 , -3.0892136 ,  1.5452633 ],
         [ 2.6177115 , -3.0892136 ,  1.5452633 ],
         [ 2.6177115 , -3.0892136 ,  1.5452633 ]],

        [[ 2.6177115 , -3.0892136 ,  1.5452633 ],
         [ 2.6177115 , -3.0892136 ,  1.5452633 ],
         [ 2.6177115 , -3.0892136 ,  1.5452633 ],
         ...,
         [ 2.6177115 , -3.0892136 ,  1.5452633 ],
         [ 2.6177115 , -3.0892136 ,  1.5452633 ],
         [ 2.6177115 , -3.0892136 ,  1.5452633 ]],

        [[ 2.6177115 , -3.0892136 ,  1.5452633 ],
         [ 2.6177115 , -3.0892136 ,  1.5452633 ],
         [ 2.6177115 , -3.0892136 ,  1.5452633 ],
         ...,
         [ 2.6177115 , -3.0892136 ,  1.5452633 ],
         [ 2.6177115 , -3.0892136 ,  1.5452633 ],
         [ 2.6177115 , -3.0892136 ,  1.5452633 ]]],


       [[[-0.19206978, -3.3539982 ,  1.5182805 ],
         [-0.19206978, -3.3539982 ,  1.5182805 ],
         [-0.19206978, -3.3539982 ,  1.5182805 ],
         ...,
         [-0.19206978, -3.3539982 ,  1.5182805 ],
         [-0.19206978, -3.3539982 ,  1.5182805 ],
         [-0.19206978, -3.3539982 ,  1.5182805 ]],

        [[-0.19206978, -3.3539982 ,  1.5182805 ],
         [-0.19206978, -3.3539982 ,  1.5182805 ],
         [-0.19206978, -3.3539982 ,  1.5182805 ],
         ...,
         [-0.19206978, -3.3539982 ,  1.5182805 ],
         [-0.19206978, -3.3539982 ,  1.5182805 ],
         [-0.19206978, -3.3539982 ,  1.5182805 ]],

        [[-0.19206978, -3.3539982 ,  1.5182805 ],
         [-0.19206978, -3.3539982 ,  1.5182805 ],
         [-0.19206978, -3.3539982 ,  1.5182805 ],
         ...,
         [-0.19206978, -3.3539982 ,  1.5182805 ],
         [-0.19206978, -3.3539982 ,  1.5182805 ],
         [-0.19206978, -3.3539982 ,  1.5182805 ]],

        ...,

        [[-0.19206978, -3.3539982 ,  1.5182805 ],
         [-0.19206978, -3.3539982 ,  1.5182805 ],
         [-0.19206978, -3.3539982 ,  1.5182805 ],
         ...,
         [-0.19206978, -3.3539982 ,  1.5182805 ],
         [-0.19206978, -3.3539982 ,  1.5182805 ],
         [-0.19206978, -3.3539982 ,  1.5182805 ]],

        [[-0.19206978, -3.3539982 ,  1.5182805 ],
         [-0.19206978, -3.3539982 ,  1.5182805 ],
         [-0.19206978, -3.3539982 ,  1.5182805 ],
         ...,
         [-0.19206978, -3.3539982 ,  1.5182805 ],
         [-0.19206978, -3.3539982 ,  1.5182805 ],
         [-0.19206978, -3.3539982 ,  1.5182805 ]],

        [[-0.19206978, -3.3539982 ,  1.5182805 ],
         [-0.19206978, -3.3539982 ,  1.5182805 ],
         [-0.19206978, -3.3539982 ,  1.5182805 ],
         ...,
         [-0.19206978, -3.3539982 ,  1.5182805 ],
         [-0.19206978, -3.3539982 ,  1.5182805 ],
         [-0.19206978, -3.3539982 ,  1.5182805 ]]]], dtype=float32), directions=array([[[[ 0.6665609 ,  0.7196517 , -0.30302423],
         [ 0.66668266,  0.7194792 , -0.30302495],
         [ 0.6668044 ,  0.71930665, -0.3030257 ],
         ...,
         [ 0.8999537 ,  0.38892853, -0.3044219 ],
         [ 0.9000755 ,  0.38875598, -0.30442262],
         [ 0.90019727,  0.38858348, -0.30442336]],

        [[ 0.6664902 ,  0.7196026 , -0.30321705],
         [ 0.6666119 ,  0.7194301 , -0.30321777],
         [ 0.6667336 ,  0.7192576 , -0.30321848],
         ...,
         [ 0.89988303,  0.38887942, -0.30461472],
         [ 0.90000474,  0.3887069 , -0.30461544],
         [ 0.9001265 ,  0.38853437, -0.30461615]],

        [[ 0.66641945,  0.7195535 , -0.30340984],
         [ 0.66654116,  0.719381  , -0.3034106 ],
         [ 0.66666293,  0.7192085 , -0.3034113 ],
         ...,
         [ 0.8998123 ,  0.3888303 , -0.3048075 ],
         [ 0.89993405,  0.3886578 , -0.30480826],
         [ 0.90005577,  0.38848528, -0.30480897]],

        ...,

        [[ 0.5903859 ,  0.66677225, -0.51067495],
         [ 0.5905076 ,  0.66659975, -0.51067567],
         [ 0.5906294 ,  0.66642725, -0.5106764 ],
         ...,
         [ 0.82377875,  0.33604908, -0.5120726 ],
         [ 0.8239005 ,  0.33587658, -0.51207334],
         [ 0.82402223,  0.33570406, -0.51207405]],

        [[ 0.59031516,  0.6667232 , -0.5108678 ],
         [ 0.59043694,  0.66655064, -0.5108685 ],
         [ 0.59055865,  0.66637814, -0.5108692 ],
         ...,
         [ 0.82370806,  0.336     , -0.51226544],
         [ 0.82382977,  0.33582747, -0.51226616],
         [ 0.8239515 ,  0.33565497, -0.5122669 ]],

        [[ 0.5902444 ,  0.6666741 , -0.5110606 ],
         [ 0.5903662 ,  0.6665016 , -0.5110613 ],
         [ 0.59048796,  0.666329  , -0.511062  ],
         ...,
         [ 0.8236373 ,  0.3359509 , -0.5124582 ],
         [ 0.823759  ,  0.33577836, -0.512459  ],
         [ 0.8238808 ,  0.33560586, -0.5124597 ]]],


       [[[ 0.9701997 ,  0.23901367, -0.23582083],
         [ 0.9702066 ,  0.23880267, -0.23582484],
         [ 0.97021353,  0.23859166, -0.23582885],
         ...,
         [ 0.9834497 , -0.16548316, -0.24351056],
         [ 0.9834566 , -0.16569418, -0.24351457],
         [ 0.9834635 , -0.16590518, -0.24351858]],

        [[ 0.97012645,  0.23901504, -0.23601887],
         [ 0.97013336,  0.23880404, -0.23602286],
         [ 0.9701403 ,  0.23859303, -0.23602688],
         ...,
         [ 0.9833764 , -0.16548179, -0.24370858],
         [ 0.9833833 , -0.1656928 , -0.2437126 ],
         [ 0.9833902 , -0.1659038 , -0.2437166 ]],

        [[ 0.9700532 ,  0.23901641, -0.2362169 ],
         [ 0.9700601 ,  0.23880541, -0.2362209 ],
         [ 0.970067  ,  0.2385944 , -0.23622492],
         ...,
         [ 0.9833031 , -0.16548042, -0.24390662],
         [ 0.98331004, -0.16569144, -0.24391064],
         [ 0.98331696, -0.16590244, -0.24391463]],

        ...,

        [[ 0.8912936 ,  0.2404837 , -0.44910333],
         [ 0.8913005 ,  0.2402727 , -0.44910732],
         [ 0.8913074 ,  0.24006169, -0.44911134],
         ...,
         [ 0.9045435 , -0.16401313, -0.45679304],
         [ 0.90455043, -0.16422415, -0.45679706],
         [ 0.90455735, -0.16443515, -0.45680106]],

        [[ 0.89122033,  0.24048507, -0.44930136],
         [ 0.89122725,  0.24027407, -0.44930536],
         [ 0.89123416,  0.24006306, -0.44930938],
         ...,
         [ 0.90447026, -0.16401176, -0.45699108],
         [ 0.9044772 , -0.16422278, -0.4569951 ],
         [ 0.9044841 , -0.16443378, -0.4569991 ]],

        [[ 0.891147  ,  0.24048644, -0.44949937],
         [ 0.89115393,  0.24027544, -0.4495034 ],
         [ 0.89116085,  0.24006443, -0.44950742],
         ...,
         [ 0.904397  , -0.16401039, -0.4571891 ],
         [ 0.9044039 , -0.1642214 , -0.45719314],
         [ 0.90441084, -0.1644324 , -0.45719713]]],


       [[[ 0.83650315, -0.5288199 , -0.2731986 ],
         [ 0.83635587, -0.5289712 , -0.27320006],
         [ 0.8362086 , -0.5291225 , -0.27320153],
         ...,
         [ 0.55417323, -0.8188788 , -0.27601433],
         [ 0.55402595, -0.81903017, -0.27601582],
         [ 0.55387866, -0.81918144, -0.27601728]],

        [[ 0.8364466 , -0.52876294, -0.2733939 ],
         [ 0.8362993 , -0.5289143 , -0.27339536],
         [ 0.836152  , -0.52906555, -0.27339685],
         ...,
         [ 0.55411667, -0.8188219 , -0.27620965],
         [ 0.5539694 , -0.8189732 , -0.2762111 ],
         [ 0.5538221 , -0.8191245 , -0.27621257]],

        [[ 0.83639   , -0.528706  , -0.27358922],
         [ 0.8362428 , -0.52885735, -0.27359068],
         [ 0.83609545, -0.5290086 , -0.27359217],
         ...,
         [ 0.5540601 , -0.8187649 , -0.27640498],
         [ 0.5539129 , -0.81891626, -0.27640644],
         [ 0.55376554, -0.8190676 , -0.2764079 ]],

        ...,

        [[ 0.7755997 , -0.46749714, -0.48355067],
         [ 0.7754524 , -0.46764845, -0.48355213],
         [ 0.77530515, -0.46779975, -0.4835536 ],
         ...,
         [ 0.49326977, -0.7575561 , -0.4863664 ],
         [ 0.4931225 , -0.75770736, -0.48636788],
         [ 0.4929752 , -0.7578587 , -0.48636934]],

        [[ 0.77554315, -0.4674402 , -0.483746  ],
         [ 0.7753959 , -0.46759152, -0.48374745],
         [ 0.7752486 , -0.4677428 , -0.4837489 ],
         ...,
         [ 0.49321324, -0.75749916, -0.48656172],
         [ 0.49306595, -0.75765043, -0.4865632 ],
         [ 0.49291867, -0.7578018 , -0.48656467]],

        [[ 0.7754866 , -0.46738327, -0.4839413 ],
         [ 0.7753393 , -0.46753457, -0.48394275],
         [ 0.775192  , -0.46768588, -0.48394424],
         ...,
         [ 0.49315667, -0.75744224, -0.48675704],
         [ 0.4930094 , -0.7575935 , -0.4867585 ],
         [ 0.4928621 , -0.7577448 , -0.48675996]]],


       ...,


       [[[-0.9820178 , -0.12672634, -0.27130744],
         [-0.982001  , -0.12651587, -0.27130893],
         [-0.9819842 , -0.12630537, -0.27131042],
         ...,
         [-0.9497854 ,  0.27676514, -0.27416041],
         [-0.9497686 ,  0.27697563, -0.2741619 ],
         [-0.9497518 ,  0.2771861 , -0.2741634 ]],

        [[-0.9819383 , -0.12673408, -0.2715029 ],
         [-0.9819215 , -0.1265236 , -0.2715044 ],
         [-0.9819047 , -0.1263131 , -0.2715059 ],
         ...,
         [-0.94970596,  0.27675742, -0.2743559 ],
         [-0.94968915,  0.27696788, -0.27435738],
         [-0.9496723 ,  0.27717838, -0.27435887]],

        [[-0.9818588 , -0.12674181, -0.27169836],
         [-0.981842  , -0.12653133, -0.27169985],
         [-0.9818252 , -0.12632084, -0.27170134],
         ...,
         [-0.94962645,  0.27674967, -0.27455133],
         [-0.94960964,  0.27696016, -0.27455282],
         [-0.9495928 ,  0.27717066, -0.2745543 ]],

        ...,

        [[-0.8964009 , -0.13505419, -0.4818262 ],
         [-0.8963841 , -0.1348437 , -0.48182768],
         [-0.8963673 , -0.13463321, -0.48182917],
         ...,
         [-0.8641686 ,  0.2684373 , -0.48467916],
         [-0.8641518 ,  0.2686478 , -0.48468065],
         [-0.86413497,  0.26885825, -0.48468214]],

        [[-0.8963215 , -0.13506192, -0.48202163],
         [-0.8963046 , -0.13485144, -0.48202312],
         [-0.8962878 , -0.13464095, -0.4820246 ],
         ...,
         [-0.8640891 ,  0.26842958, -0.4848746 ],
         [-0.86407226,  0.26864004, -0.4848761 ],
         [-0.86405545,  0.26885054, -0.4848776 ]],

        [[-0.89624196, -0.13506965, -0.4822171 ],
         [-0.89622515, -0.13485917, -0.4822186 ],
         [-0.89620835, -0.13464868, -0.48222008],
         ...,
         [-0.86400956,  0.26842183, -0.48507008],
         [-0.86399275,  0.26863232, -0.48507157],
         [-0.86397594,  0.26884282, -0.48507306]]],


       [[[-0.75669277,  0.6487572 , -0.2460826 ],
         [-0.7565258 ,  0.64888656, -0.24608123],
         [-0.75635886,  0.64901584, -0.24607986],
         ...,
         [-0.43666735,  0.8966067 , -0.24346054],
         [-0.4365004 ,  0.89673597, -0.24345917],
         [-0.43633348,  0.89686525, -0.2434578 ]],

        [[-0.7566463 ,  0.64869934, -0.24628028],
         [-0.7564794 ,  0.6488286 , -0.24627891],
         [-0.75631243,  0.64895797, -0.24627754],
         ...,
         [-0.4366209 ,  0.8965488 , -0.24365821],
         [-0.43645394,  0.8966781 , -0.24365684],
         [-0.43628702,  0.8968074 , -0.24365547]],

        [[-0.75659984,  0.64864147, -0.24647796],
         [-0.7564329 ,  0.64877075, -0.24647659],
         [-0.75626594,  0.64890003, -0.24647522],
         ...,
         [-0.43657446,  0.89649093, -0.2438559 ],
         [-0.4364075 ,  0.8966202 , -0.24385452],
         [-0.43624055,  0.8967495 , -0.24385315]],

        ...,

        [[-0.7066667 ,  0.5864154 , -0.4589879 ],
         [-0.70649976,  0.5865447 , -0.45898652],
         [-0.7063328 ,  0.586674  , -0.45898515],
         ...,
         [-0.38664132,  0.8342649 , -0.45636582],
         [-0.38647437,  0.83439416, -0.45636445],
         [-0.38630742,  0.83452344, -0.45636308]],

        [[-0.7066202 ,  0.58635753, -0.45918557],
         [-0.7064533 ,  0.5864868 , -0.4591842 ],
         [-0.7062864 ,  0.5866161 , -0.45918283],
         ...,
         [-0.38659483,  0.83420694, -0.4565635 ],
         [-0.38642788,  0.8343363 , -0.45656213],
         [-0.38626096,  0.83446556, -0.45656076]],

        [[-0.7065738 ,  0.58629966, -0.45938325],
         [-0.70640683,  0.58642894, -0.45938188],
         [-0.70623994,  0.5865582 , -0.4593805 ],
         ...,
         [-0.3865484 ,  0.83414906, -0.45676118],
         [-0.38638145,  0.83427835, -0.4567598 ],
         [-0.3862145 ,  0.8344077 , -0.45675844]]],


       [[[-0.09223123,  0.9889668 , -0.25973976],
         [-0.09202142,  0.988943  , -0.25974023],
         [-0.09181161,  0.9889192 , -0.2597407 ],
         ...,
         [ 0.30997127,  0.94331014, -0.26065212],
         [ 0.31018108,  0.94328636, -0.2606526 ],
         [ 0.3103909 ,  0.9432625 , -0.26065308]],

        [[-0.09224039,  0.98889005, -0.2599362 ],
         [-0.09203058,  0.9888662 , -0.2599367 ],
         [-0.09182078,  0.9888424 , -0.25993717],
         ...,
         [ 0.3099621 ,  0.9432334 , -0.26084858],
         [ 0.3101719 ,  0.9432095 , -0.26084906],
         [ 0.3103817 ,  0.94318575, -0.26084954]],

        [[-0.09224956,  0.9888133 , -0.26013273],
         [-0.09203975,  0.98878944, -0.2601332 ],
         [-0.09182994,  0.98876566, -0.26013368],
         ...,
         [ 0.3099529 ,  0.9431566 , -0.2610451 ],
         [ 0.31016272,  0.94313276, -0.26104558],
         [ 0.31037253,  0.943109  , -0.26104605]],

        ...,

        [[-0.10209857,  0.9062721 , -0.47135717],
         [-0.10188876,  0.90624833, -0.47135764],
         [-0.10167895,  0.9062245 , -0.47135812],
         ...,
         [ 0.3001039 ,  0.86061543, -0.47226954],
         [ 0.3003137 ,  0.86059165, -0.47227   ],
         [ 0.30052352,  0.8605678 , -0.4722705 ]],

        [[-0.10210773,  0.90619534, -0.47155368],
         [-0.10189793,  0.90617156, -0.47155416],
         [-0.10168812,  0.9061477 , -0.47155464],
         ...,
         [ 0.30009475,  0.86053866, -0.47246605],
         [ 0.30030456,  0.8605149 , -0.47246653],
         [ 0.30051437,  0.86049104, -0.472467  ]],

        [[-0.1021169 ,  0.9061186 , -0.47175014],
         [-0.10190709,  0.90609473, -0.47175062],
         [-0.10169728,  0.90607095, -0.4717511 ],
         ...,
         [ 0.3000856 ,  0.8604619 , -0.4726625 ],
         [ 0.3002954 ,  0.8604381 , -0.472663  ],
         [ 0.30050522,  0.86041427, -0.47266346]]]], dtype=float32), viewdirs=array([[[[ 0.6492534 ,  0.7009657 , -0.29515612],
         [ 0.6493984 ,  0.7008261 , -0.2951688 ],
         [ 0.6495432 ,  0.70068645, -0.29518145],
         ...,
         [ 0.8766572 ,  0.3788606 , -0.29654154],
         [ 0.8767402 ,  0.37867713, -0.2965302 ],
         [ 0.8768233 ,  0.37849376, -0.2965189 ]],

        [[ 0.6491993 ,  0.70093375, -0.2953506 ],
         [ 0.6493442 ,  0.7007942 , -0.2953633 ],
         [ 0.6494891 ,  0.70065457, -0.295376  ],
         ...,
         [ 0.8766083 ,  0.37882137, -0.29673612],
         [ 0.87669134,  0.37863797, -0.2967248 ],
         [ 0.8767743 ,  0.37845454, -0.2967134 ]],

        [[ 0.64914525,  0.700902  , -0.29554516],
         [ 0.6492901 ,  0.70076233, -0.2955579 ],
         [ 0.64943504,  0.7006227 , -0.29557055],
         ...,
         [ 0.8765593 ,  0.37878215, -0.29693067],
         [ 0.8766424 ,  0.37859878, -0.29691938],
         [ 0.87672544,  0.37841538, -0.29690802]],

        ...,

        [[ 0.57508254,  0.64948887, -0.49743778],
         [ 0.5752244 ,  0.6493472 , -0.49745864],
         [ 0.5753664 ,  0.64920545, -0.4974795 ],
         ...,
         [ 0.80249065,  0.3273649 , -0.49883965],
         [ 0.8025768 ,  0.3271836 , -0.49882013],
         [ 0.8026627 ,  0.32700226, -0.49880055]],

        [[ 0.57500046,  0.6494262 , -0.4976142 ],
         [ 0.57514244,  0.64928454, -0.49763513],
         [ 0.57528436,  0.6491428 , -0.497656  ],
         ...,
         [ 0.80240345,  0.3273096 , -0.49901608],
         [ 0.8024896 ,  0.32712832, -0.4989966 ],
         [ 0.8025755 ,  0.326947  , -0.498977  ]],

        [[ 0.57491857,  0.6493637 , -0.49779075],
         [ 0.5750605 ,  0.64922196, -0.49781162],
         [ 0.5752024 ,  0.6490802 , -0.4978325 ],
         ...,
         [ 0.80231625,  0.32725433, -0.49919248],
         [ 0.8024023 ,  0.32707298, -0.49917302],
         [ 0.8024884 ,  0.32689172, -0.49915347]]],


       [[[ 0.94500774,  0.2328075 , -0.22969757],
         [ 0.9450528 ,  0.2326114 , -0.22971077],
         [ 0.9450979 ,  0.2324153 , -0.22972402],
         ...,
         [ 0.9579914 , -0.16119935, -0.23720688],
         [ 0.95795935, -0.16139837, -0.23720117],
         [ 0.9579273 , -0.16159734, -0.23719546]],

        [[ 0.9449579 ,  0.23281413, -0.2298957 ],
         [ 0.94500303,  0.23261806, -0.22990893],
         [ 0.9450481 ,  0.23242193, -0.22992216],
         ...,
         [ 0.95794195, -0.1612017 , -0.23740521],
         [ 0.9579099 , -0.16140072, -0.2373995 ],
         [ 0.95787764, -0.16159968, -0.23739375]],

        [[ 0.944908  ,  0.23282076, -0.23009382],
         [ 0.9449532 ,  0.2326247 , -0.23010707],
         [ 0.9449982 ,  0.23242857, -0.23012032],
         ...,
         [ 0.95789236, -0.16120404, -0.23760353],
         [ 0.9578603 , -0.16140306, -0.23759782],
         [ 0.9578281 , -0.16160204, -0.23759206]],

        ...,

        [[ 0.86819   ,  0.23425002, -0.43746194],
         [ 0.868232  ,  0.234054  , -0.4374836 ],
         [ 0.868274  ,  0.23385793, -0.43750525],
         ...,
         [ 0.8811682 , -0.15977469, -0.44498855],
         [ 0.8811391 , -0.15997374, -0.44497436],
         [ 0.88111013, -0.16017279, -0.44496024]],

        [[ 0.8680989 ,  0.23424603, -0.43764487],
         [ 0.8681409 ,  0.23405002, -0.43766657],
         [ 0.86818284,  0.23385394, -0.4376882 ],
         ...,
         [ 0.8810767 , -0.1597697 , -0.44517127],
         [ 0.8810477 , -0.15996876, -0.44515714],
         [ 0.88101876, -0.16016781, -0.445143  ]],

        [[ 0.8680077 ,  0.23424204, -0.4378278 ],
         [ 0.86804974,  0.23404603, -0.4378495 ],
         [ 0.86809164,  0.23384996, -0.43787116],
         ...,
         [ 0.88098526, -0.15976472, -0.44535404],
         [ 0.8809563 , -0.1599638 , -0.44533992],
         [ 0.88092726, -0.16016282, -0.4453257 ]]],


       [[[ 0.8147831 , -0.515089  , -0.26610494],
         [ 0.81467277, -0.51525724, -0.26611716],
         [ 0.8145623 , -0.5154255 , -0.26612937],
         ...,
         [ 0.53982776, -0.79768115, -0.26886937],
         [ 0.5396624 , -0.79779625, -0.26885992],
         [ 0.5394971 , -0.7979112 , -0.26885045]],

        [[ 0.8147466 , -0.5150452 , -0.26630124],
         [ 0.8146362 , -0.51521355, -0.26631346],
         [ 0.81452584, -0.5153818 , -0.26632574],
         ...,
         [ 0.53978497, -0.79764384, -0.26906574],
         [ 0.5396197 , -0.797759  , -0.2690563 ],
         [ 0.5394543 , -0.797874  , -0.26904678]],

        [[ 0.8147101 , -0.51500154, -0.26649755],
         [ 0.8145997 , -0.5151698 , -0.26650977],
         [ 0.81448925, -0.5153381 , -0.26652208],
         ...,
         [ 0.53974223, -0.7976066 , -0.2692622 ],
         [ 0.5395768 , -0.79772156, -0.26925266],
         [ 0.5394115 , -0.79783666, -0.26924318]],

        ...,

        [[ 0.75549537, -0.45537913, -0.47101653],
         [ 0.75538254, -0.455545  , -0.4710371 ],
         [ 0.7552697 , -0.45571086, -0.4710576 ],
         ...,
         [ 0.48052275, -0.7379794 , -0.47379777],
         [ 0.4803598 , -0.73809683, -0.47378   ],
         [ 0.48019686, -0.7382144 , -0.47376224]],

        [[ 0.75542307, -0.45531327, -0.47119606],
         [ 0.7553103 , -0.4554792 , -0.47121662],
         [ 0.7551974 , -0.45564502, -0.47123715],
         ...,
         [ 0.48045674, -0.7379072 , -0.47397727],
         [ 0.4802938 , -0.7380246 , -0.4739595 ],
         [ 0.48013082, -0.738142  , -0.47394165]],

        [[ 0.75535077, -0.45524746, -0.47137555],
         [ 0.755238  , -0.45541334, -0.47139615],
         [ 0.7551251 , -0.4555792 , -0.47141668],
         ...,
         [ 0.48039064, -0.7378348 , -0.47415668],
         [ 0.4802277 , -0.7379523 , -0.4741389 ],
         [ 0.48006484, -0.73806983, -0.47412115]]],


       ...,


       [[[-0.9565191 , -0.12343582, -0.26426277],
         [-0.9565415 , -0.12323579, -0.26427492],
         [-0.956564  , -0.12303576, -0.2642871 ],
         ...,
         [-0.92519873,  0.26960063, -0.26706335],
         [-0.92514485,  0.26979476, -0.26705396],
         [-0.92509097,  0.2699888 , -0.2670446 ]],

        [[-0.9564634 , -0.12344616, -0.2644592 ],
         [-0.9564859 , -0.12324615, -0.26447138],
         [-0.95650834, -0.12304609, -0.26448354],
         ...,
         [-0.9251424 ,  0.26959926, -0.26725984],
         [-0.9250885 ,  0.26979333, -0.26725045],
         [-0.9250346 ,  0.26998743, -0.2672411 ]],

        [[-0.95640785, -0.12345652, -0.26465562],
         [-0.95643026, -0.12325649, -0.26466778],
         [-0.9564526 , -0.12305643, -0.26467997],
         ...,
         [-0.92508596,  0.26959783, -0.26745632],
         [-0.92503214,  0.26979196, -0.26744694],
         [-0.92497826,  0.26998606, -0.26743755]],

        ...,

        [[-0.87316483, -0.13155338, -0.4693365 ],
         [-0.87318397, -0.13135369, -0.46935704],
         [-0.873203  , -0.13115396, -0.46937752],
         ...,
         [-0.84183633,  0.2615002 , -0.47215387],
         [-0.8417858 ,  0.26169464, -0.47213614],
         [-0.8417353 ,  0.26188904, -0.47211844]],

        [[-0.8730676 , -0.13155791, -0.46951622],
         [-0.87308663, -0.13135824, -0.46953675],
         [-0.87310565, -0.13115852, -0.46955723],
         ...,
         [-0.8417397 ,  0.26148674, -0.47233352],
         [-0.8416892 ,  0.26168117, -0.47231582],
         [-0.8416387 ,  0.26187557, -0.4722981 ]],

        [[-0.8729703 , -0.13156246, -0.46969593],
         [-0.8729893 , -0.13136277, -0.4697164 ],
         [-0.8730083 , -0.13116305, -0.4697369 ],
         ...,
         [-0.8416431 ,  0.26147324, -0.47251317],
         [-0.84159255,  0.26166767, -0.4724954 ],
         [-0.84154207,  0.26186207, -0.47247773]]],


       [[[-0.7370447 ,  0.63191175, -0.23969288],
         [-0.7369119 ,  0.6320633 , -0.23970127],
         [-0.7367792 ,  0.63221496, -0.23970968],
         ...,
         [-0.42536357,  0.8733967 , -0.23715821],
         [-0.4251837 ,  0.87348723, -0.23714726],
         [-0.42500392,  0.8735778 , -0.23713632]],

        [[-0.73701626,  0.63186985, -0.23989092],
         [-0.7368835 ,  0.63202137, -0.23989931],
         [-0.7367507 ,  0.63217294, -0.23990767],
         ...,
         [-0.42532802,  0.8733602 , -0.23735617],
         [-0.4251482 ,  0.8734509 , -0.23734525],
         [-0.42496833,  0.8735413 , -0.23733427]],

        [[-0.7369877 ,  0.6318278 , -0.24008891],
         [-0.73685503,  0.6319794 , -0.24009733],
         [-0.73672223,  0.6321309 , -0.24010572],
         ...,
         [-0.4252925 ,  0.8733238 , -0.23755416],
         [-0.42511258,  0.8734143 , -0.23754318],
         [-0.42493272,  0.8735048 , -0.23753221]],

        ...,

        [[-0.6883488 ,  0.5712146 , -0.44709024],
         [-0.6882142 ,  0.5713638 , -0.44710708],
         [-0.6880794 ,  0.5715129 , -0.44712386],
         ...,
         [-0.3766497 ,  0.8127057 , -0.44457236],
         [-0.37647176,  0.8127986 , -0.44455296],
         [-0.37629387,  0.8128916 , -0.44453362]],

        [[-0.68828785,  0.57114524, -0.4472726 ],
         [-0.68815327,  0.5712944 , -0.44728944],
         [-0.68801856,  0.5714435 , -0.44730625],
         ...,
         [-0.37659582,  0.8126308 , -0.4447548 ],
         [-0.37641793,  0.8127238 , -0.44473547],
         [-0.37624004,  0.81281674, -0.44471604]],

        [[-0.688227  ,  0.57107586, -0.44745496],
         [-0.68809223,  0.5712249 , -0.44747177],
         [-0.6879576 ,  0.57137406, -0.44748858],
         ...,
         [-0.37654203,  0.8125559 , -0.44493726],
         [-0.3763641 ,  0.81264883, -0.44491783],
         [-0.37618622,  0.8127419 , -0.44489846]]],


       [[[-0.08983637,  0.9632875 , -0.2529954 ],
         [-0.08963565,  0.9633034 , -0.25300613],
         [-0.08943491,  0.96331924, -0.25301686],
         ...,
         [ 0.30194712,  0.9188909 , -0.25390467],
         [ 0.3021392 ,  0.91883034, -0.25389484],
         [ 0.30233133,  0.9187699 , -0.253885  ]],

        [[-0.08984733,  0.9632346 , -0.2531925 ],
         [-0.08964662,  0.9632505 , -0.25320327],
         [-0.08944587,  0.9632664 , -0.253214  ],
         ...,
         [ 0.30194503,  0.918837  , -0.25410184],
         [ 0.30213717,  0.9187765 , -0.254092  ],
         [ 0.3023293 ,  0.91871613, -0.25408217]],

        [[-0.08985831,  0.96318173, -0.2533897 ],
         [-0.08965758,  0.96319765, -0.25340044],
         [-0.08945683,  0.9632135 , -0.2534112 ],
         ...,
         [ 0.30194297,  0.9187831 , -0.25429904],
         [ 0.3021351 ,  0.9187227 , -0.2542892 ],
         [ 0.30232722,  0.91866213, -0.25427935]],

        ...,

        [[-0.09945202,  0.88278013, -0.45913887],
         [-0.09925167,  0.8827928 , -0.45915794],
         [-0.0990513 ,  0.88280535, -0.45917702],
         ...,
         [ 0.29234847,  0.83837503, -0.46006492],
         [ 0.29254097,  0.83831775, -0.4600467 ],
         [ 0.2927335 ,  0.8382606 , -0.46002853]],

        [[-0.09945867,  0.8826852 , -0.4593198 ],
         [-0.09925834,  0.8826979 , -0.45933893],
         [-0.09905798,  0.88271046, -0.459358  ],
         ...,
         [ 0.29233292,  0.83828115, -0.4602459 ],
         [ 0.2925254 ,  0.83822393, -0.46022767],
         [ 0.2927179 ,  0.8381667 , -0.46020946]],

        [[-0.09946533,  0.8825903 , -0.4595007 ],
         [-0.09926501,  0.882603  , -0.45951983],
         [-0.09906466,  0.88261557, -0.4595389 ],
         ...,
         [ 0.2923173 ,  0.8381872 , -0.46042675],
         [ 0.29250982,  0.83813006, -0.46040854],
         [ 0.29270235,  0.8380729 , -0.46039036]]]], dtype=float32), radii=array([[[[0.00012191],
         [0.00012193],
         [0.0001219 ],
         ...,
         [0.00012191],
         [0.00012192],
         [0.00012191]],

        [[0.00012191],
         [0.00012193],
         [0.00012191],
         ...,
         [0.00012191],
         [0.00012191],
         [0.00012192]],

        [[0.00012192],
         [0.0001219 ],
         [0.00012193],
         ...,
         [0.00012191],
         [0.00012191],
         [0.00012189]],

        ...,

        [[0.00012192],
         [0.00012191],
         [0.00012193],
         ...,
         [0.00012191],
         [0.00012193],
         [0.00012192]],

        [[0.00012193],
         [0.00012192],
         [0.00012191],
         ...,
         [0.00012189],
         [0.00012193],
         [0.00012191]],

        [[0.00012192],
         [0.00012191],
         [0.00012193],
         ...,
         [0.00012191],
         [0.00012193],
         [0.00012192]]],


       [[[0.00012191],
         [0.0001219 ],
         [0.00012191],
         ...,
         [0.00012191],
         [0.00012192],
         [0.00012191]],

        [[0.00012191],
         [0.00012191],
         [0.00012191],
         ...,
         [0.00012191],
         [0.00012191],
         [0.00012191]],

        [[0.00012191],
         [0.00012191],
         [0.00012191],
         ...,
         [0.00012191],
         [0.00012191],
         [0.00012191]],

        ...,

        [[0.00012191],
         [0.00012191],
         [0.00012191],
         ...,
         [0.00012191],
         [0.00012191],
         [0.00012191]],

        [[0.00012191],
         [0.00012192],
         [0.00012192],
         ...,
         [0.00012191],
         [0.00012191],
         [0.00012191]],

        [[0.00012191],
         [0.00012191],
         [0.00012191],
         ...,
         [0.00012191],
         [0.00012191],
         [0.00012191]]],


       [[[0.00012191],
         [0.0001219 ],
         [0.00012192],
         ...,
         [0.00012192],
         [0.00012191],
         [0.0001219 ]],

        [[0.00012192],
         [0.00012191],
         [0.00012192],
         ...,
         [0.00012193],
         [0.00012191],
         [0.00012192]],

        [[0.00012189],
         [0.00012193],
         [0.00012189],
         ...,
         [0.00012189],
         [0.0001219 ],
         [0.00012192]],

        ...,

        [[0.00012192],
         [0.00012191],
         [0.00012192],
         ...,
         [0.00012191],
         [0.00012191],
         [0.00012191]],

        [[0.0001219 ],
         [0.00012191],
         [0.00012192],
         ...,
         [0.00012192],
         [0.0001219 ],
         [0.00012191]],

        [[0.00012192],
         [0.00012191],
         [0.00012192],
         ...,
         [0.00012191],
         [0.00012191],
         [0.00012191]]],


       ...,


       [[[0.00012192],
         [0.00012192],
         [0.00012192],
         ...,
         [0.0001219 ],
         [0.00012191],
         [0.00012192]],

        [[0.0001219 ],
         [0.0001219 ],
         [0.0001219 ],
         ...,
         [0.0001219 ],
         [0.0001219 ],
         [0.00012189]],

        [[0.00012192],
         [0.00012192],
         [0.00012192],
         ...,
         [0.00012193],
         [0.00012193],
         [0.00012193]],

        ...,

        [[0.00012189],
         [0.0001219 ],
         [0.0001219 ],
         ...,
         [0.0001219 ],
         [0.0001219 ],
         [0.0001219 ]],

        [[0.00012192],
         [0.0001219 ],
         [0.0001219 ],
         ...,
         [0.00012192],
         [0.00012192],
         [0.00012192]],

        [[0.00012189],
         [0.0001219 ],
         [0.0001219 ],
         ...,
         [0.0001219 ],
         [0.0001219 ],
         [0.0001219 ]]],


       [[[0.00012191],
         [0.00012191],
         [0.00012191],
         ...,
         [0.00012191],
         [0.00012191],
         [0.00012191]],

        [[0.00012191],
         [0.00012191],
         [0.00012192],
         ...,
         [0.00012191],
         [0.00012191],
         [0.00012191]],

        [[0.00012191],
         [0.00012191],
         [0.00012191],
         ...,
         [0.00012193],
         [0.00012192],
         [0.00012191]],

        ...,

        [[0.00012191],
         [0.00012191],
         [0.00012191],
         ...,
         [0.00012192],
         [0.00012191],
         [0.00012191]],

        [[0.00012191],
         [0.00012191],
         [0.00012191],
         ...,
         [0.00012191],
         [0.00012191],
         [0.00012191]],

        [[0.00012191],
         [0.00012191],
         [0.00012191],
         ...,
         [0.00012192],
         [0.00012191],
         [0.00012191]]],


       [[[0.00012189],
         [0.00012189],
         [0.00012189],
         ...,
         [0.00012189],
         [0.0001219 ],
         [0.00012189]],

        [[0.00012192],
         [0.00012192],
         [0.00012192],
         ...,
         [0.00012192],
         [0.00012192],
         [0.00012192]],

        [[0.00012191],
         [0.00012191],
         [0.00012192],
         ...,
         [0.00012191],
         [0.00012191],
         [0.00012192]],

        ...,

        [[0.00012192],
         [0.00012192],
         [0.00012192],
         ...,
         [0.00012192],
         [0.00012192],
         [0.00012192]],

        [[0.00012189],
         [0.0001219 ],
         [0.00012189],
         ...,
         [0.00012189],
         [0.00012189],
         [0.00012189]],

        [[0.00012192],
         [0.00012192],
         [0.00012192],
         ...,
         [0.00012192],
         [0.00012192],
         [0.00012192]]]], dtype=float32), lossmult=array([[[[1.],
         [1.],
         [1.],
         ...,
         [1.],
         [1.],
         [1.]],

        [[1.],
         [1.],
         [1.],
         ...,
         [1.],
         [1.],
         [1.]],

        [[1.],
         [1.],
         [1.],
         ...,
         [1.],
         [1.],
         [1.]],

        ...,

        [[1.],
         [1.],
         [1.],
         ...,
         [1.],
         [1.],
         [1.]],

        [[1.],
         [1.],
         [1.],
         ...,
         [1.],
         [1.],
         [1.]],

        [[1.],
         [1.],
         [1.],
         ...,
         [1.],
         [1.],
         [1.]]],


       [[[1.],
         [1.],
         [1.],
         ...,
         [1.],
         [1.],
         [1.]],

        [[1.],
         [1.],
         [1.],
         ...,
         [1.],
         [1.],
         [1.]],

        [[1.],
         [1.],
         [1.],
         ...,
         [1.],
         [1.],
         [1.]],

        ...,

        [[1.],
         [1.],
         [1.],
         ...,
         [1.],
         [1.],
         [1.]],

        [[1.],
         [1.],
         [1.],
         ...,
         [1.],
         [1.],
         [1.]],

        [[1.],
         [1.],
         [1.],
         ...,
         [1.],
         [1.],
         [1.]]],


       [[[1.],
         [1.],
         [1.],
         ...,
         [1.],
         [1.],
         [1.]],

        [[1.],
         [1.],
         [1.],
         ...,
         [1.],
         [1.],
         [1.]],

        [[1.],
         [1.],
         [1.],
         ...,
         [1.],
         [1.],
         [1.]],

        ...,

        [[1.],
         [1.],
         [1.],
         ...,
         [1.],
         [1.],
         [1.]],

        [[1.],
         [1.],
         [1.],
         ...,
         [1.],
         [1.],
         [1.]],

        [[1.],
         [1.],
         [1.],
         ...,
         [1.],
         [1.],
         [1.]]],


       ...,


       [[[1.],
         [1.],
         [1.],
         ...,
         [1.],
         [1.],
         [1.]],

        [[1.],
         [1.],
         [1.],
         ...,
         [1.],
         [1.],
         [1.]],

        [[1.],
         [1.],
         [1.],
         ...,
         [1.],
         [1.],
         [1.]],

        ...,

        [[1.],
         [1.],
         [1.],
         ...,
         [1.],
         [1.],
         [1.]],

        [[1.],
         [1.],
         [1.],
         ...,
         [1.],
         [1.],
         [1.]],

        [[1.],
         [1.],
         [1.],
         ...,
         [1.],
         [1.],
         [1.]]],


       [[[1.],
         [1.],
         [1.],
         ...,
         [1.],
         [1.],
         [1.]],

        [[1.],
         [1.],
         [1.],
         ...,
         [1.],
         [1.],
         [1.]],

        [[1.],
         [1.],
         [1.],
         ...,
         [1.],
         [1.],
         [1.]],

        ...,

        [[1.],
         [1.],
         [1.],
         ...,
         [1.],
         [1.],
         [1.]],

        [[1.],
         [1.],
         [1.],
         ...,
         [1.],
         [1.],
         [1.]],

        [[1.],
         [1.],
         [1.],
         ...,
         [1.],
         [1.],
         [1.]]],


       [[[1.],
         [1.],
         [1.],
         ...,
         [1.],
         [1.],
         [1.]],

        [[1.],
         [1.],
         [1.],
         ...,
         [1.],
         [1.],
         [1.]],

        [[1.],
         [1.],
         [1.],
         ...,
         [1.],
         [1.],
         [1.]],

        ...,

        [[1.],
         [1.],
         [1.],
         ...,
         [1.],
         [1.],
         [1.]],

        [[1.],
         [1.],
         [1.],
         ...,
         [1.],
         [1.],
         [1.]],

        [[1.],
         [1.],
         [1.],
         ...,
         [1.],
         [1.],
         [1.]]]], dtype=float32), near=array([[[[2.],
         [2.],
         [2.],
         ...,
         [2.],
         [2.],
         [2.]],

        [[2.],
         [2.],
         [2.],
         ...,
         [2.],
         [2.],
         [2.]],

        [[2.],
         [2.],
         [2.],
         ...,
         [2.],
         [2.],
         [2.]],

        ...,

        [[2.],
         [2.],
         [2.],
         ...,
         [2.],
         [2.],
         [2.]],

        [[2.],
         [2.],
         [2.],
         ...,
         [2.],
         [2.],
         [2.]],

        [[2.],
         [2.],
         [2.],
         ...,
         [2.],
         [2.],
         [2.]]],


       [[[2.],
         [2.],
         [2.],
         ...,
         [2.],
         [2.],
         [2.]],

        [[2.],
         [2.],
         [2.],
         ...,
         [2.],
         [2.],
         [2.]],

        [[2.],
         [2.],
         [2.],
         ...,
         [2.],
         [2.],
         [2.]],

        ...,

        [[2.],
         [2.],
         [2.],
         ...,
         [2.],
         [2.],
         [2.]],

        [[2.],
         [2.],
         [2.],
         ...,
         [2.],
         [2.],
         [2.]],

        [[2.],
         [2.],
         [2.],
         ...,
         [2.],
         [2.],
         [2.]]],


       [[[2.],
         [2.],
         [2.],
         ...,
         [2.],
         [2.],
         [2.]],

        [[2.],
         [2.],
         [2.],
         ...,
         [2.],
         [2.],
         [2.]],

        [[2.],
         [2.],
         [2.],
         ...,
         [2.],
         [2.],
         [2.]],

        ...,

        [[2.],
         [2.],
         [2.],
         ...,
         [2.],
         [2.],
         [2.]],

        [[2.],
         [2.],
         [2.],
         ...,
         [2.],
         [2.],
         [2.]],

        [[2.],
         [2.],
         [2.],
         ...,
         [2.],
         [2.],
         [2.]]],


       ...,


       [[[2.],
         [2.],
         [2.],
         ...,
         [2.],
         [2.],
         [2.]],

        [[2.],
         [2.],
         [2.],
         ...,
         [2.],
         [2.],
         [2.]],

        [[2.],
         [2.],
         [2.],
         ...,
         [2.],
         [2.],
         [2.]],

        ...,

        [[2.],
         [2.],
         [2.],
         ...,
         [2.],
         [2.],
         [2.]],

        [[2.],
         [2.],
         [2.],
         ...,
         [2.],
         [2.],
         [2.]],

        [[2.],
         [2.],
         [2.],
         ...,
         [2.],
         [2.],
         [2.]]],


       [[[2.],
         [2.],
         [2.],
         ...,
         [2.],
         [2.],
         [2.]],

        [[2.],
         [2.],
         [2.],
         ...,
         [2.],
         [2.],
         [2.]],

        [[2.],
         [2.],
         [2.],
         ...,
         [2.],
         [2.],
         [2.]],

        ...,

        [[2.],
         [2.],
         [2.],
         ...,
         [2.],
         [2.],
         [2.]],

        [[2.],
         [2.],
         [2.],
         ...,
         [2.],
         [2.],
         [2.]],

        [[2.],
         [2.],
         [2.],
         ...,
         [2.],
         [2.],
         [2.]]],


       [[[2.],
         [2.],
         [2.],
         ...,
         [2.],
         [2.],
         [2.]],

        [[2.],
         [2.],
         [2.],
         ...,
         [2.],
         [2.],
         [2.]],

        [[2.],
         [2.],
         [2.],
         ...,
         [2.],
         [2.],
         [2.]],

        ...,

        [[2.],
         [2.],
         [2.],
         ...,
         [2.],
         [2.],
         [2.]],

        [[2.],
         [2.],
         [2.],
         ...,
         [2.],
         [2.],
         [2.]],

        [[2.],
         [2.],
         [2.],
         ...,
         [2.],
         [2.],
         [2.]]]], dtype=float32), far=array([[[[6.],
         [6.],
         [6.],
         ...,
         [6.],
         [6.],
         [6.]],

        [[6.],
         [6.],
         [6.],
         ...,
         [6.],
         [6.],
         [6.]],

        [[6.],
         [6.],
         [6.],
         ...,
         [6.],
         [6.],
         [6.]],

        ...,

        [[6.],
         [6.],
         [6.],
         ...,
         [6.],
         [6.],
         [6.]],

        [[6.],
         [6.],
         [6.],
         ...,
         [6.],
         [6.],
         [6.]],

        [[6.],
         [6.],
         [6.],
         ...,
         [6.],
         [6.],
         [6.]]],


       [[[6.],
         [6.],
         [6.],
         ...,
         [6.],
         [6.],
         [6.]],

        [[6.],
         [6.],
         [6.],
         ...,
         [6.],
         [6.],
         [6.]],

        [[6.],
         [6.],
         [6.],
         ...,
         [6.],
         [6.],
         [6.]],

        ...,

        [[6.],
         [6.],
         [6.],
         ...,
         [6.],
         [6.],
         [6.]],

        [[6.],
         [6.],
         [6.],
         ...,
         [6.],
         [6.],
         [6.]],

        [[6.],
         [6.],
         [6.],
         ...,
         [6.],
         [6.],
         [6.]]],


       [[[6.],
         [6.],
         [6.],
         ...,
         [6.],
         [6.],
         [6.]],

        [[6.],
         [6.],
         [6.],
         ...,
         [6.],
         [6.],
         [6.]],

        [[6.],
         [6.],
         [6.],
         ...,
         [6.],
         [6.],
         [6.]],

        ...,

        [[6.],
         [6.],
         [6.],
         ...,
         [6.],
         [6.],
         [6.]],

        [[6.],
         [6.],
         [6.],
         ...,
         [6.],
         [6.],
         [6.]],

        [[6.],
         [6.],
         [6.],
         ...,
         [6.],
         [6.],
         [6.]]],


       ...,


       [[[6.],
         [6.],
         [6.],
         ...,
         [6.],
         [6.],
         [6.]],

        [[6.],
         [6.],
         [6.],
         ...,
         [6.],
         [6.],
         [6.]],

        [[6.],
         [6.],
         [6.],
         ...,
         [6.],
         [6.],
         [6.]],

        ...,

        [[6.],
         [6.],
         [6.],
         ...,
         [6.],
         [6.],
         [6.]],

        [[6.],
         [6.],
         [6.],
         ...,
         [6.],
         [6.],
         [6.]],

        [[6.],
         [6.],
         [6.],
         ...,
         [6.],
         [6.],
         [6.]]],


       [[[6.],
         [6.],
         [6.],
         ...,
         [6.],
         [6.],
         [6.]],

        [[6.],
         [6.],
         [6.],
         ...,
         [6.],
         [6.],
         [6.]],

        [[6.],
         [6.],
         [6.],
         ...,
         [6.],
         [6.],
         [6.]],

        ...,

        [[6.],
         [6.],
         [6.],
         ...,
         [6.],
         [6.],
         [6.]],

        [[6.],
         [6.],
         [6.],
         ...,
         [6.],
         [6.],
         [6.]],

        [[6.],
         [6.],
         [6.],
         ...,
         [6.],
         [6.],
         [6.]]],


       [[[6.],
         [6.],
         [6.],
         ...,
         [6.],
         [6.],
         [6.]],

        [[6.],
         [6.],
         [6.],
         ...,
         [6.],
         [6.],
         [6.]],

        [[6.],
         [6.],
         [6.],
         ...,
         [6.],
         [6.],
         [6.]],

        ...,

        [[6.],
         [6.],
         [6.],
         ...,
         [6.],
         [6.],
         [6.]],

        [[6.],
         [6.],
         [6.],
         ...,
         [6.],
         [6.],
         [6.]],

        [[6.],
         [6.],
         [6.],
         ...,
         [6.],
         [6.],
         [6.]]]], dtype=float32))