Rays(origins=array([[[[-2.92944083, -2.06953804,  1.51482283],
         [-2.92944083, -2.06953804,  1.51482283],
         [-2.92944083, -2.06953804,  1.51482283],
         ...,
         [-2.92944083, -2.06953804,  1.51482283],
         [-2.92944083, -2.06953804,  1.51482283],
         [-2.92944083, -2.06953804,  1.51482283]],

        [[-2.92944083, -2.06953804,  1.51482283],
         [-2.92944083, -2.06953804,  1.51482283],
         [-2.92944083, -2.06953804,  1.51482283],
         ...,
         [-2.92944083, -2.06953804,  1.51482283],
         [-2.92944083, -2.06953804,  1.51482283],
         [-2.92944083, -2.06953804,  1.51482283]],

        [[-2.92944083, -2.06953804,  1.51482283],
         [-2.92944083, -2.06953804,  1.51482283],
         [-2.92944083, -2.06953804,  1.51482283],
         ...,
         [-2.92944083, -2.06953804,  1.51482283],
         [-2.92944083, -2.06953804,  1.51482283],
         [-2.92944083, -2.06953804,  1.51482283]],

        ...,

        [[-2.92944083, -2.06953804,  1.51482283],
         [-2.92944083, -2.06953804,  1.51482283],
         [-2.92944083, -2.06953804,  1.51482283],
         ...,
         [-2.92944083, -2.06953804,  1.51482283],
         [-2.92944083, -2.06953804,  1.51482283],
         [-2.92944083, -2.06953804,  1.51482283]],

        [[-2.92944083, -2.06953804,  1.51482283],
         [-2.92944083, -2.06953804,  1.51482283],
         [-2.92944083, -2.06953804,  1.51482283],
         ...,
         [-2.92944083, -2.06953804,  1.51482283],
         [-2.92944083, -2.06953804,  1.51482283],
         [-2.92944083, -2.06953804,  1.51482283]],

        [[-2.92944083, -2.06953804,  1.51482283],
         [-2.92944083, -2.06953804,  1.51482283],
         [-2.92944083, -2.06953804,  1.51482283],
         ...,
         [-2.92944083, -2.06953804,  1.51482283],
         [-2.92944083, -2.06953804,  1.51482283],
         [-2.92944083, -2.06953804,  1.51482283]]],


       [[[-4.18058995,  0.12371759,  1.55024276],
         [-4.18058995,  0.12371759,  1.55024276],
         [-4.18058995,  0.12371759,  1.55024276],
         ...,
         [-4.18058995,  0.12371759,  1.55024276],
         [-4.18058995,  0.12371759,  1.55024276],
         [-4.18058995,  0.12371759,  1.55024276]],

        [[-4.18058995,  0.12371759,  1.55024276],
         [-4.18058995,  0.12371759,  1.55024276],
         [-4.18058995,  0.12371759,  1.55024276],
         ...,
         [-4.18058995,  0.12371759,  1.55024276],
         [-4.18058995,  0.12371759,  1.55024276],
         [-4.18058995,  0.12371759,  1.55024276]],

        [[-4.18058995,  0.12371759,  1.55024276],
         [-4.18058995,  0.12371759,  1.55024276],
         [-4.18058995,  0.12371759,  1.55024276],
         ...,
         [-4.18058995,  0.12371759,  1.55024276],
         [-4.18058995,  0.12371759,  1.55024276],
         [-4.18058995,  0.12371759,  1.55024276]],

        ...,

        [[-4.18058995,  0.12371759,  1.55024276],
         [-4.18058995,  0.12371759,  1.55024276],
         [-4.18058995,  0.12371759,  1.55024276],
         ...,
         [-4.18058995,  0.12371759,  1.55024276],
         [-4.18058995,  0.12371759,  1.55024276],
         [-4.18058995,  0.12371759,  1.55024276]],

        [[-4.18058995,  0.12371759,  1.55024276],
         [-4.18058995,  0.12371759,  1.55024276],
         [-4.18058995,  0.12371759,  1.55024276],
         ...,
         [-4.18058995,  0.12371759,  1.55024276],
         [-4.18058995,  0.12371759,  1.55024276],
         [-4.18058995,  0.12371759,  1.55024276]],

        [[-4.18058995,  0.12371759,  1.55024276],
         [-4.18058995,  0.12371759,  1.55024276],
         [-4.18058995,  0.12371759,  1.55024276],
         ...,
         [-4.18058995,  0.12371759,  1.55024276],
         [-4.18058995,  0.12371759,  1.55024276],
         [-4.18058995,  0.12371759,  1.55024276]]],


       [[[-3.04479859,  2.51954565,  1.55383047],
         [-3.04479859,  2.51954565,  1.55383047],
         [-3.04479859,  2.51954565,  1.55383047],
         ...,
         [-3.04479859,  2.51954565,  1.55383047],
         [-3.04479859,  2.51954565,  1.55383047],
         [-3.04479859,  2.51954565,  1.55383047]],

        [[-3.04479859,  2.51954565,  1.55383047],
         [-3.04479859,  2.51954565,  1.55383047],
         [-3.04479859,  2.51954565,  1.55383047],
         ...,
         [-3.04479859,  2.51954565,  1.55383047],
         [-3.04479859,  2.51954565,  1.55383047],
         [-3.04479859,  2.51954565,  1.55383047]],

        [[-3.04479859,  2.51954565,  1.55383047],
         [-3.04479859,  2.51954565,  1.55383047],
         [-3.04479859,  2.51954565,  1.55383047],
         ...,
         [-3.04479859,  2.51954565,  1.55383047],
         [-3.04479859,  2.51954565,  1.55383047],
         [-3.04479859,  2.51954565,  1.55383047]],

        ...,

        [[-3.04479859,  2.51954565,  1.55383047],
         [-3.04479859,  2.51954565,  1.55383047],
         [-3.04479859,  2.51954565,  1.55383047],
         ...,
         [-3.04479859,  2.51954565,  1.55383047],
         [-3.04479859,  2.51954565,  1.55383047],
         [-3.04479859,  2.51954565,  1.55383047]],

        [[-3.04479859,  2.51954565,  1.55383047],
         [-3.04479859,  2.51954565,  1.55383047],
         [-3.04479859,  2.51954565,  1.55383047],
         ...,
         [-3.04479859,  2.51954565,  1.55383047],
         [-3.04479859,  2.51954565,  1.55383047],
         [-3.04479859,  2.51954565,  1.55383047]],

        [[-3.04479859,  2.51954565,  1.55383047],
         [-3.04479859,  2.51954565,  1.55383047],
         [-3.04479859,  2.51954565,  1.55383047],
         ...,
         [-3.04479859,  2.51954565,  1.55383047],
         [-3.04479859,  2.51954565,  1.55383047],
         [-3.04479859,  2.51954565,  1.55383047]]],


       ...,


       [[[ 3.76826471, -0.59560495,  1.54940056],
         [ 3.76826471, -0.59560495,  1.54940056],
         [ 3.76826471, -0.59560495,  1.54940056],
         ...,
         [ 3.76826471, -0.59560495,  1.54940056],
         [ 3.76826471, -0.59560495,  1.54940056],
         [ 3.76826471, -0.59560495,  1.54940056]],

        [[ 3.76826471, -0.59560495,  1.54940056],
         [ 3.76826471, -0.59560495,  1.54940056],
         [ 3.76826471, -0.59560495,  1.54940056],
         ...,
         [ 3.76826471, -0.59560495,  1.54940056],
         [ 3.76826471, -0.59560495,  1.54940056],
         [ 3.76826471, -0.59560495,  1.54940056]],

        [[ 3.76826471, -0.59560495,  1.54940056],
         [ 3.76826471, -0.59560495,  1.54940056],
         [ 3.76826471, -0.59560495,  1.54940056],
         ...,
         [ 3.76826471, -0.59560495,  1.54940056],
         [ 3.76826471, -0.59560495,  1.54940056],
         [ 3.76826471, -0.59560495,  1.54940056]],

        ...,

        [[ 3.76826471, -0.59560495,  1.54940056],
         [ 3.76826471, -0.59560495,  1.54940056],
         [ 3.76826471, -0.59560495,  1.54940056],
         ...,
         [ 3.76826471, -0.59560495,  1.54940056],
         [ 3.76826471, -0.59560495,  1.54940056],
         [ 3.76826471, -0.59560495,  1.54940056]],

        [[ 3.76826471, -0.59560495,  1.54940056],
         [ 3.76826471, -0.59560495,  1.54940056],
         [ 3.76826471, -0.59560495,  1.54940056],
         ...,
         [ 3.76826471, -0.59560495,  1.54940056],
         [ 3.76826471, -0.59560495,  1.54940056],
         [ 3.76826471, -0.59560495,  1.54940056]],

        [[ 3.76826471, -0.59560495,  1.54940056],
         [ 3.76826471, -0.59560495,  1.54940056],
         [ 3.76826471, -0.59560495,  1.54940056],
         ...,
         [ 3.76826471, -0.59560495,  1.54940056],
         [ 3.76826471, -0.59560495,  1.54940056],
         [ 3.76826471, -0.59560495,  1.54940056]]],


       [[[ 2.61771154, -3.08921356,  1.54526324],
         [ 2.61771154, -3.08921356,  1.54526324],
         [ 2.61771154, -3.08921356,  1.54526324],
         ...,
         [ 2.61771154, -3.08921356,  1.54526324],
         [ 2.61771154, -3.08921356,  1.54526324],
         [ 2.61771154, -3.08921356,  1.54526324]],

        [[ 2.61771154, -3.08921356,  1.54526324],
         [ 2.61771154, -3.08921356,  1.54526324],
         [ 2.61771154, -3.08921356,  1.54526324],
         ...,
         [ 2.61771154, -3.08921356,  1.54526324],
         [ 2.61771154, -3.08921356,  1.54526324],
         [ 2.61771154, -3.08921356,  1.54526324]],

        [[ 2.61771154, -3.08921356,  1.54526324],
         [ 2.61771154, -3.08921356,  1.54526324],
         [ 2.61771154, -3.08921356,  1.54526324],
         ...,
         [ 2.61771154, -3.08921356,  1.54526324],
         [ 2.61771154, -3.08921356,  1.54526324],
         [ 2.61771154, -3.08921356,  1.54526324]],

        ...,

        [[ 2.61771154, -3.08921356,  1.54526324],
         [ 2.61771154, -3.08921356,  1.54526324],
         [ 2.61771154, -3.08921356,  1.54526324],
         ...,
         [ 2.61771154, -3.08921356,  1.54526324],
         [ 2.61771154, -3.08921356,  1.54526324],
         [ 2.61771154, -3.08921356,  1.54526324]],

        [[ 2.61771154, -3.08921356,  1.54526324],
         [ 2.61771154, -3.08921356,  1.54526324],
         [ 2.61771154, -3.08921356,  1.54526324],
         ...,
         [ 2.61771154, -3.08921356,  1.54526324],
         [ 2.61771154, -3.08921356,  1.54526324],
         [ 2.61771154, -3.08921356,  1.54526324]],

        [[ 2.61771154, -3.08921356,  1.54526324],
         [ 2.61771154, -3.08921356,  1.54526324],
         [ 2.61771154, -3.08921356,  1.54526324],
         ...,
         [ 2.61771154, -3.08921356,  1.54526324],
         [ 2.61771154, -3.08921356,  1.54526324],
         [ 2.61771154, -3.08921356,  1.54526324]]],


       [[[-0.19206978, -3.35399817,  1.51828056],
         [-0.19206978, -3.35399817,  1.51828056],
         [-0.19206978, -3.35399817,  1.51828056],
         ...,
         [-0.19206978, -3.35399817,  1.51828056],
         [-0.19206978, -3.35399817,  1.51828056],
         [-0.19206978, -3.35399817,  1.51828056]],

        [[-0.19206978, -3.35399817,  1.51828056],
         [-0.19206978, -3.35399817,  1.51828056],
         [-0.19206978, -3.35399817,  1.51828056],
         ...,
         [-0.19206978, -3.35399817,  1.51828056],
         [-0.19206978, -3.35399817,  1.51828056],
         [-0.19206978, -3.35399817,  1.51828056]],

        [[-0.19206978, -3.35399817,  1.51828056],
         [-0.19206978, -3.35399817,  1.51828056],
         [-0.19206978, -3.35399817,  1.51828056],
         ...,
         [-0.19206978, -3.35399817,  1.51828056],
         [-0.19206978, -3.35399817,  1.51828056],
         [-0.19206978, -3.35399817,  1.51828056]],

        ...,

        [[-0.19206978, -3.35399817,  1.51828056],
         [-0.19206978, -3.35399817,  1.51828056],
         [-0.19206978, -3.35399817,  1.51828056],
         ...,
         [-0.19206978, -3.35399817,  1.51828056],
         [-0.19206978, -3.35399817,  1.51828056],
         [-0.19206978, -3.35399817,  1.51828056]],

        [[-0.19206978, -3.35399817,  1.51828056],
         [-0.19206978, -3.35399817,  1.51828056],
         [-0.19206978, -3.35399817,  1.51828056],
         ...,
         [-0.19206978, -3.35399817,  1.51828056],
         [-0.19206978, -3.35399817,  1.51828056],
         [-0.19206978, -3.35399817,  1.51828056]],

        [[-0.19206978, -3.35399817,  1.51828056],
         [-0.19206978, -3.35399817,  1.51828056],
         [-0.19206978, -3.35399817,  1.51828056],
         ...,
         [-0.19206978, -3.35399817,  1.51828056],
         [-0.19206978, -3.35399817,  1.51828056],
         [-0.19206978, -3.35399817,  1.51828056]]]]), directions=array([[[[-1.27724004, -0.05048549,  0.05281843],
         [-1.27682309, -0.05107631,  0.05281593],
         [-1.27640614, -0.05166714,  0.05281343],
         ...,
         [-0.4779483 , -1.18310075,  0.0480319 ],
         [-0.47753135, -1.18369157,  0.04802941],
         [-0.4771144 , -1.1842824 ,  0.04802691]],

        [[-1.2769978 , -0.05031733,  0.05347877],
         [-1.27658085, -0.05090815,  0.05347627],
         [-1.2761639 , -0.05149898,  0.05347378],
         ...,
         [-0.47770606, -1.18293259,  0.04869225],
         [-0.47728911, -1.18352341,  0.04868975],
         [-0.47687216, -1.18411424,  0.04868725]],

        [[-1.27675556, -0.05014917,  0.05413911],
         [-1.27633861, -0.05073999,  0.05413662],
         [-1.27592166, -0.05133082,  0.05413412],
         ...,
         [-0.47746382, -1.18276442,  0.04935259],
         [-0.47704687, -1.18335525,  0.04935009],
         [-0.47662992, -1.18394608,  0.0493476 ]],

        ...,

        [[-1.01634567,  0.13062313,  0.76400864],
         [-1.01592872,  0.1300323 ,  0.76400614],
         [-1.01551177,  0.12944147,  0.76400365],
         ...,
         [-0.21705393, -1.00199213,  0.75922212],
         [-0.21663698, -1.00258296,  0.75921962],
         [-0.21622003, -1.00317379,  0.75921712]],

        [[-1.01610343,  0.13079129,  0.76466898],
         [-1.01568648,  0.13020046,  0.76466649],
         [-1.01526953,  0.12960963,  0.76466399],
         ...,
         [-0.21681169, -1.00182397,  0.75988246],
         [-0.21639474, -1.0024148 ,  0.75987996],
         [-0.21597779, -1.00300563,  0.75987747]],

        [[-1.01586119,  0.13095945,  0.76532933],
         [-1.01544424,  0.13036862,  0.76532683],
         [-1.01502729,  0.12977779,  0.76532433],
         ...,
         [-0.21656945, -1.00165581,  0.76054281],
         [-0.2161525 , -1.00224664,  0.76054031],
         [-0.21573555, -1.00283746,  0.76053781]]],


       [[[-1.06558432,  0.54659552,  0.06235104],
         [-1.06556493,  0.54600344,  0.06233978],
         [-1.06554553,  0.54541136,  0.06232853],
         ...,
         [-1.02840516, -0.58841637,  0.04077377],
         [-1.02838576, -0.58900845,  0.04076252],
         [-1.02836637, -0.58960053,  0.04075126]],

        [[-1.06537878,  0.54659169,  0.06290662],
         [-1.06535938,  0.54599961,  0.06289537],
         [-1.06533999,  0.54540753,  0.06288411],
         ...,
         [-1.02819961, -0.5884202 ,  0.04132936],
         [-1.02818022, -0.58901228,  0.0413181 ],
         [-1.02816083, -0.58960436,  0.04130685]],

        [[-1.06517323,  0.54658786,  0.06346221],
         [-1.06515384,  0.54599578,  0.06345095],
         [-1.06513445,  0.5454037 ,  0.0634397 ],
         ...,
         [-1.02799407, -0.58842403,  0.04188494],
         [-1.02797468, -0.58901611,  0.04187369],
         [-1.02795528, -0.58960819,  0.04186243]],

        ...,

        [[-0.84421294,  0.54247135,  0.66071562],
         [-0.84419355,  0.54187927,  0.66070436],
         [-0.84417415,  0.54128719,  0.66069311],
         ...,
         [-0.80703378, -0.59254055,  0.63913835],
         [-0.80701438, -0.59313262,  0.63912709],
         [-0.80699499, -0.5937247 ,  0.63911584]],

        [[-0.8440074 ,  0.54246752,  0.6612712 ],
         [-0.843988  ,  0.54187544,  0.66125995],
         [-0.84396861,  0.54128336,  0.66124869],
         ...,
         [-0.80682823, -0.59254438,  0.63969393],
         [-0.80680884, -0.59313645,  0.63968268],
         [-0.80678944, -0.59372853,  0.63967142]],

        [[-0.84380185,  0.54246369,  0.66182679],
         [-0.84378246,  0.54187161,  0.66181553],
         [-0.84376306,  0.54127953,  0.66180427],
         ...,
         [-0.80662269, -0.59254821,  0.64024952],
         [-0.80660329, -0.59314028,  0.64023826],
         [-0.8065839 , -0.59373236,  0.64022701]]],


       [[[-0.31315864,  1.19888546,  0.05428231],
         [-0.31362008,  1.19841139,  0.0542777 ],
         [-0.31408152,  1.19793732,  0.0542731 ],
         ...,
         [-1.19774246,  0.29008545,  0.04546016],
         [-1.1982039 ,  0.28961138,  0.04545556],
         [-1.19866534,  0.28913731,  0.04545096]],

        [[-0.31298157,  1.19870717,  0.05489389],
         [-0.31344301,  1.1982331 ,  0.05488929],
         [-0.31390445,  1.19775902,  0.05488469],
         ...,
         [-1.19756539,  0.28990716,  0.04607175],
         [-1.19802683,  0.28943309,  0.04606715],
         [-1.19848827,  0.28895901,  0.04606255]],

        [[-0.3128045 ,  1.19852888,  0.05550548],
         [-0.31326594,  1.19805481,  0.05550088],
         [-0.31372738,  1.19758073,  0.05549627],
         ...,
         [-1.19738831,  0.28972887,  0.04668334],
         [-1.19784975,  0.2892548 ,  0.04667873],
         [-1.1983112 ,  0.28878072,  0.04667413]],

        ...,

        [[-0.12245088,  1.00686477,  0.71296044],
         [-0.12291232,  1.00639069,  0.71295584],
         [-0.12337376,  1.00591662,  0.71295123],
         ...,
         [-1.0070347 ,  0.09806476,  0.70413829],
         [-1.00749614,  0.09759068,  0.70413369],
         [-1.00795758,  0.09711661,  0.70412909]],

        [[-0.12227381,  1.00668648,  0.71357202],
         [-0.12273525,  1.0062124 ,  0.71356742],
         [-0.12319669,  1.00573833,  0.71356282],
         ...,
         [-1.00685762,  0.09788647,  0.70474988],
         [-1.00731907,  0.09741239,  0.70474528],
         [-1.00778051,  0.09693832,  0.70474068]],

        [[-0.12209673,  1.00650818,  0.71418361],
         [-0.12255817,  1.00603411,  0.71417901],
         [-0.12301962,  1.00556003,  0.71417441],
         ...,
         [-1.00668055,  0.09770817,  0.70536147],
         [-1.00714199,  0.0972341 ,  0.70535686],
         [-1.00760343,  0.09676002,  0.70535226]]],


       ...,


       [[[ 1.00588247, -0.74840249,  0.04863518],
         [ 1.0059368 , -0.74772237,  0.04863037],
         [ 1.00599113, -0.74704225,  0.04862556],
         ...,
         [ 1.11003358,  0.55538258,  0.03941647],
         [ 1.11008791,  0.5560627 ,  0.03941166],
         [ 1.11014224,  0.55674282,  0.03940685]],

        [[ 1.00562573, -0.74837752,  0.04926645],
         [ 1.00568006, -0.7476974 ,  0.04926164],
         [ 1.0057344 , -0.74701728,  0.04925683],
         ...,
         [ 1.10977685,  0.55540755,  0.04004774],
         [ 1.10983118,  0.55608767,  0.04004293],
         [ 1.10988551,  0.55676779,  0.04003812]],

        [[ 1.005369  , -0.74835255,  0.04989772],
         [ 1.00542333, -0.74767243,  0.04989291],
         [ 1.00547766, -0.74699231,  0.0498881 ],
         ...,
         [ 1.10952011,  0.55543253,  0.04067901],
         [ 1.10957445,  0.55611264,  0.0406742 ],
         [ 1.10962878,  0.55679276,  0.04066939]],

        ...,

        [[ 0.72937945, -0.72150737,  0.72851371],
         [ 0.72943378, -0.72082725,  0.7285089 ],
         [ 0.72948811, -0.72014713,  0.72850409],
         ...,
         [ 0.83353056,  0.5822777 ,  0.71929499],
         [ 0.83358489,  0.58295782,  0.71929019],
         [ 0.83363922,  0.58363794,  0.71928538]],

        [[ 0.72912271, -0.7214824 ,  0.72914498],
         [ 0.72917704, -0.72080228,  0.72914017],
         [ 0.72923137, -0.72012216,  0.72913536],
         ...,
         [ 0.83327383,  0.58230267,  0.71992627],
         [ 0.83332816,  0.58298279,  0.71992146],
         [ 0.83338249,  0.58366291,  0.71991665]],

        [[ 0.72886598, -0.72145742,  0.72977625],
         [ 0.72892031, -0.72077731,  0.72977144],
         [ 0.72897464, -0.72009719,  0.72976663],
         ...,
         [ 0.83301709,  0.58232765,  0.72055754],
         [ 0.83307142,  0.58300776,  0.72055273],
         [ 0.83312575,  0.58368788,  0.72054792]]],


       [[[ 0.12729223, -1.2420315 ,  0.01761149],
         [ 0.12781551, -1.24162623,  0.01761578],
         [ 0.12833879, -1.24122097,  0.01762007],
         ...,
         [ 1.13041991, -0.46514122,  0.02583043],
         [ 1.13094319, -0.46473596,  0.02583472],
         [ 1.13146646, -0.46433069,  0.02583901]],

        [[ 0.12714664, -1.24185006,  0.01823111],
         [ 0.12766992, -1.2414448 ,  0.0182354 ],
         [ 0.1281932 , -1.24103954,  0.01823969],
         ...,
         [ 1.13027431, -0.46495979,  0.02645005],
         [ 1.13079759, -0.46455452,  0.02645434],
         [ 1.13132087, -0.46414926,  0.02645863]],

        [[ 0.12700104, -1.24166863,  0.01885073],
         [ 0.12752432, -1.24126337,  0.01885502],
         [ 0.1280476 , -1.2408581 ,  0.01885931],
         ...,
         [ 1.13012872, -0.46477835,  0.02706967],
         [ 1.130652  , -0.46437309,  0.02707396],
         [ 1.13117528, -0.46396783,  0.02707825]],

        ...,

        [[-0.02950944, -1.04662724,  0.68494193],
         [-0.02898616, -1.04622198,  0.68494622],
         [-0.02846288, -1.04581671,  0.6849505 ],
         ...,
         [ 0.97361823, -0.26973696,  0.69316087],
         [ 0.97414151, -0.2693317 ,  0.69316516],
         [ 0.97466479, -0.26892644,  0.69316944]],

        [[-0.02965504, -1.04644581,  0.68556155],
         [-0.02913176, -1.04604054,  0.68556583],
         [-0.02860848, -1.04563528,  0.68557012],
         ...,
         [ 0.97347264, -0.26955553,  0.69378049],
         [ 0.97399592, -0.26915027,  0.69378478],
         [ 0.9745192 , -0.268745  ,  0.69378906]],

        [[-0.02980063, -1.04626437,  0.68618117],
         [-0.02927735, -1.04585911,  0.68618545],
         [-0.02875407, -1.04545384,  0.68618974],
         ...,
         [ 0.97332705, -0.2693741 ,  0.69440011],
         [ 0.97385033, -0.26896883,  0.6944044 ],
         [ 0.97437361, -0.26856357,  0.69440868]]],


       [[[-0.74867661, -0.98169749,  0.03896551],
         [-0.74801565, -0.98177252,  0.03896401],
         [-0.74735468, -0.98184755,  0.03896251],
         ...,
         [ 0.51839414, -1.12553111,  0.03609124],
         [ 0.51905511, -1.12560614,  0.03608974],
         [ 0.51971607, -1.12568117,  0.03608824]],

        [[-0.74864779, -0.98145589,  0.03958377],
         [-0.74798682, -0.98153092,  0.03958227],
         [-0.74732585, -0.98160595,  0.03958077],
         ...,
         [ 0.51842297, -1.12528951,  0.0367095 ],
         [ 0.51908394, -1.12536454,  0.036708  ],
         [ 0.5197449 , -1.12543957,  0.0367065 ]],

        [[-0.74861896, -0.98121429,  0.04020203],
         [-0.74795799, -0.98128932,  0.04020053],
         [-0.74729703, -0.98136435,  0.04019903],
         ...,
         [ 0.5184518 , -1.12504791,  0.03732776],
         [ 0.51911276, -1.12512294,  0.03732626],
         [ 0.51977373, -1.12519797,  0.03732476]],

        ...,

        [[-0.71762842, -0.72149344,  0.70483303],
         [-0.71696746, -0.72156847,  0.70483153],
         [-0.71630649, -0.7216435 ,  0.70483003],
         ...,
         [ 0.54944233, -0.86532706,  0.70195875],
         [ 0.5501033 , -0.86540209,  0.70195725],
         [ 0.55076427, -0.86547712,  0.70195576]],

        [[-0.71759959, -0.72125184,  0.70545129],
         [-0.71693863, -0.72132687,  0.70544979],
         [-0.71627766, -0.7214019 ,  0.70544829],
         ...,
         [ 0.54947116, -0.86508546,  0.70257702],
         [ 0.55013213, -0.86516049,  0.70257552],
         [ 0.55079309, -0.86523552,  0.70257402]],

        [[-0.71757076, -0.72101024,  0.70606955],
         [-0.7169098 , -0.72108527,  0.70606805],
         [-0.71624883, -0.7211603 ,  0.70606655],
         ...,
         [ 0.54949999, -0.86484386,  0.70319528],
         [ 0.55016096, -0.86491889,  0.70319378],
         [ 0.55082192, -0.86499392,  0.70319228]]]]), viewdirs=array([[[[-0.99836775, -0.0394625 ,  0.04128606],
         [-0.99834846, -0.03993659,  0.0412968 ],
         [-0.99832893, -0.04041096,  0.04130752],
         ...,
         [-0.37430416, -0.92654273,  0.03761608],
         [-0.37386302, -0.92672136,  0.0376026 ],
         [-0.37342207, -0.92689968,  0.03758912]],

        [[-0.99835089, -0.03933785,  0.04180945],
         [-0.99833164, -0.03981199,  0.04182035],
         [-0.99831215, -0.04028641,  0.04183124],
         ...,
         [-0.37417934, -0.92657173,  0.03813984],
         [-0.37373815, -0.92675034,  0.03812619],
         [-0.37329714, -0.92692863,  0.03811255]],

        [[-0.99833373, -0.03921315,  0.04233301],
         [-0.99831453, -0.03968733,  0.04234407],
         [-0.99829508, -0.0401618 ,  0.04235513],
         ...,
         [-0.37405437, -0.92660048,  0.03866377],
         [-0.37361312, -0.92677906,  0.03864996],
         [-0.37317206, -0.92695732,  0.03863615]],

        ...,

        [[-0.79515406,  0.10219506,  0.59773421],
         [-0.79507248,  0.10176413,  0.59791622],
         [-0.79499067,  0.10133291,  0.59809821],
         ...,
         [-0.1701393 , -0.78541881,  0.59512177],
         [-0.16976034, -0.78564067,  0.59493711],
         [-0.16938157, -0.78586222,  0.59475244]],

        [[-0.79482807,  0.10230906,  0.59814814],
         [-0.79474636,  0.10187823,  0.59833021],
         [-0.79466442,  0.10144711,  0.59851227],
         ...,
         [-0.16992013, -0.78515167,  0.59553674],
         [-0.16954131, -0.78537362,  0.59535202],
         [-0.16916269, -0.78559525,  0.59516728]],

        [[-0.79450196,  0.10242299,  0.59856175],
         [-0.79442012,  0.10199226,  0.59874389],
         [-0.79433806,  0.10156125,  0.59892601],
         ...,
         [-0.16970099, -0.78488439,  0.59595139],
         [-0.16932231, -0.78510643,  0.59576661],
         [-0.16894383, -0.78532814,  0.59558181]]],


       [[[-0.88856585,  0.45579322,  0.05199307],
         [-0.8887628 ,  0.45540871,  0.05199616],
         [-0.88895968,  0.45502392,  0.05199923],
         ...,
         [-0.86745456, -0.49632624,  0.03439247],
         [-0.86723575, -0.4967097 ,  0.03437495],
         [-0.86701686, -0.49709288,  0.03435743]],

        [[-0.88850956,  0.45584908,  0.05246316],
         [-0.88870655,  0.45546455,  0.05246636],
         [-0.88890347,  0.45507974,  0.05246955],
         ...,
         [-0.86739617, -0.49639527,  0.03486573],
         [-0.86717731, -0.49677875,  0.03484809],
         [-0.86695838, -0.49716195,  0.03483046]],

        [[-0.88845305,  0.45590486,  0.05293335],
         [-0.88865008,  0.4555203 ,  0.05293667],
         [-0.88884704,  0.45513547,  0.05293997],
         ...,
         [-0.86733756, -0.49646421,  0.0353391 ],
         [-0.86711865, -0.4968477 ,  0.03532135],
         [-0.86689969, -0.49723092,  0.03530361]],

        ...,

        [[-0.70265354,  0.45150861,  0.54992543],
         [-0.7028053 ,  0.45112359,  0.55004747],
         [-0.702957  ,  0.4507383 ,  0.55016947],
         ...,
         [-0.67942688, -0.49884898,  0.53807881],
         [-0.67925259, -0.49923134,  0.53794423],
         [-0.67907824, -0.49961342,  0.53780961]],

        [[-0.70238921,  0.45144549,  0.55031479],
         [-0.70254086,  0.45106049,  0.55043689],
         [-0.70269246,  0.45067522,  0.55055895],
         ...,
         [-0.67916159, -0.49878445,  0.53847341],
         [-0.6789874 , -0.49916679,  0.53833877],
         [-0.67881316, -0.49954885,  0.53820409]],

        [[-0.70212479,  0.45138228,  0.55070393],
         [-0.70227634,  0.4509973 ,  0.55082609],
         [-0.70242783,  0.45061205,  0.5509482 ],
         ...,
         [-0.67889621, -0.49871983,  0.53886777],
         [-0.67872212, -0.49910214,  0.53873308],
         [-0.67854799, -0.49948418,  0.53859834]]],


       [[[-0.25248644,  0.96661015,  0.04376551],
         [-0.25292818,  0.96649428,  0.04377386],
         [-0.25337012,  0.96637814,  0.04378221],
         ...,
         [-0.97124084,  0.23522823,  0.03686332],
         [-0.97134988,  0.23477972,  0.03684953],
         [-0.97145866,  0.23433141,  0.03683574]],

        [[-0.25238236,  0.96661457,  0.04426539],
         [-0.25282415,  0.96649872,  0.04427388],
         [-0.25326614,  0.9663826 ,  0.04428237],
         ...,
         [-0.97124785,  0.23512011,  0.03736505],
         [-0.97135686,  0.23467155,  0.03735112],
         [-0.97146561,  0.23422319,  0.03733719]],

        [[-0.25227818,  0.96661873,  0.04476541],
         [-0.25272002,  0.96650291,  0.04477404],
         [-0.25316206,  0.96638682,  0.04478267],
         ...,
         [-0.9712546 ,  0.2350119 ,  0.03786692],
         [-0.97136359,  0.23456329,  0.03785285],
         [-0.97147231,  0.23411487,  0.03783877]],

        ...,

        [[-0.0987673 ,  0.81212414,  0.5750647 ],
         [-0.09916684,  0.81196571,  0.57521964],
         [-0.09956659,  0.81180702,  0.57537454],
         ...,
         [-0.81693493,  0.07955289,  0.57121683],
         [-0.81708604,  0.07914669,  0.57105709],
         [-0.8172369 ,  0.07874069,  0.57089732]],

        [[-0.0986094 ,  0.81185619,  0.57547   ],
         [-0.09900883,  0.81169767,  0.575625  ],
         [-0.09940847,  0.8115389 ,  0.57577997],
         ...,
         [-0.81666496,  0.07939598,  0.57162455],
         [-0.81681616,  0.07898988,  0.57146475],
         [-0.81696711,  0.07858399,  0.57130491]],

        [[-0.09845152,  0.81158811,  0.57587502],
         [-0.09885084,  0.81142951,  0.57603009],
         [-0.09925037,  0.81127065,  0.57618512],
         ...,
         [-0.81639486,  0.07923909,  0.57203199],
         [-0.81654615,  0.0788331 ,  0.57187213],
         [-0.81669718,  0.07842732,  0.57171223]]],


       ...,


       [[[ 0.80169184, -0.5964794 ,  0.03876241],
         [ 0.80196663, -0.59610941,  0.03876977],
         [ 0.80224141, -0.59573908,  0.03877712],
         ...,
         [ 0.89385868,  0.44722389,  0.03174026],
         [ 0.89364861,  0.44764442,  0.03172737],
         [ 0.89343847,  0.44806461,  0.03171449]],

        [[ 0.80161249, -0.59655272,  0.03927167],
         [ 0.80188734, -0.59618272,  0.03927918],
         [ 0.80216218, -0.59581239,  0.03928668],
         ...,
         [ 0.89379453,  0.44731536,  0.03225374],
         [ 0.89358441,  0.44773591,  0.0322407 ],
         [ 0.89337421,  0.44815612,  0.03222767]],

        [[ 0.8015329 , -0.5966259 ,  0.03978108],
         [ 0.80180781, -0.5962559 ,  0.03978874],
         [ 0.8020827 , -0.59588555,  0.03979639],
         ...,
         [ 0.89373011,  0.44740674,  0.03276737],
         [ 0.89351993,  0.4478273 ,  0.03275419],
         [ 0.89330968,  0.44824753,  0.032741  ]],

        ...,

        [[ 0.5796582 , -0.57340204,  0.57897018],
         [ 0.57986781, -0.573026  ,  0.57913257],
         [ 0.58007741, -0.57264961,  0.57929493],
         ...,
         [ 0.66924759,  0.46751489,  0.57752704],
         [ 0.66910228,  0.46792883,  0.57736015],
         [ 0.6689569 ,  0.46834244,  0.57719323]],

        [[ 0.57936092, -0.57328993,  0.57937861],
         [ 0.57957038, -0.57291388,  0.57954107],
         [ 0.57977984, -0.5725375 ,  0.5797035 ],
         ...,
         [ 0.66893157,  0.46745815,  0.57793896],
         [ 0.6687864 ,  0.46787206,  0.577772  ],
         [ 0.66864117,  0.46828564,  0.57760502]],

        [[ 0.57906358, -0.57317769,  0.57978677],
         [ 0.5792729 , -0.57280165,  0.57994929],
         [ 0.57948221, -0.57242527,  0.58011178],
         ...,
         [ 0.66861547,  0.4674013 ,  0.57835057],
         [ 0.66847044,  0.46781518,  0.57818356],
         [ 0.66832535,  0.46822872,  0.57801651]]],


       [[[ 0.10194294, -0.99469026,  0.0141043 ],
         [ 0.10239067, -0.99464416,  0.01411168],
         [ 0.10283864, -0.99459784,  0.01411907],
         ...,
         [ 0.92456551, -0.38043697,  0.0211266 ],
         [ 0.92474401, -0.38000299,  0.02112441],
         [ 0.92492222, -0.37956916,  0.02112221]],

        [[ 0.10184154, -0.99469345,  0.0146027 ],
         [ 0.10228932, -0.99464739,  0.01461023],
         [ 0.10273733, -0.99460111,  0.01461776],
         ...,
         [ 0.92459039, -0.3803478 ,  0.02163675],
         [ 0.92476888, -0.37991376,  0.02163442],
         [ 0.92494707, -0.37947987,  0.02163209]],

        [[ 0.10174009, -0.99469639,  0.01510126],
         [ 0.10218792, -0.99465037,  0.01510892],
         [ 0.10263597, -0.99460412,  0.01511659],
         ...,
         [ 0.92461504, -0.3802585 ,  0.02214706],
         [ 0.92479351, -0.3798244 ,  0.02214459],
         [ 0.92497168, -0.37939045,  0.02214212]],

        ...,

        [[-0.02358534, -0.83651388,  0.54743791],
         [-0.02317357, -0.8364232 ,  0.54759403],
         [-0.02276157, -0.8363323 ,  0.54775012],
         ...,
         [ 0.7946481 , -0.22015402,  0.5657443 ],
         [ 0.79486164, -0.21976421,  0.56559585],
         [ 0.7950749 , -0.21937456,  0.56544735]],

        [[-0.02369809, -0.83624119,  0.54784949],
         [-0.02328641, -0.83615042,  0.54800568],
         [-0.0228745 , -0.83605942,  0.54816184],
         ...,
         [ 0.79440279, -0.21997091,  0.56615988],
         [ 0.7946164 , -0.21958122,  0.56601136],
         [ 0.79482972, -0.2191917 ,  0.5658628 ]],

        [[-0.02381079, -0.83596838,  0.54826081],
         [-0.02339921, -0.8358775 ,  0.54841707],
         [-0.02298739, -0.83578641,  0.54857329],
         ...,
         [ 0.79415735, -0.21978781,  0.56657518],
         [ 0.79437102, -0.21939824,  0.5664266 ],
         [ 0.79458441, -0.21900883,  0.56627797]]],


       [[[-0.60610861, -0.79475609,  0.03154544],
         [-0.60574068, -0.79503625,  0.03155293],
         [-0.60537242, -0.7953164 ,  0.03156042],
         ...,
         [ 0.41816106, -0.90790625,  0.02911289],
         [ 0.41857788, -0.90771446,  0.02910359],
         [ 0.41899437, -0.90752258,  0.02909429]],

        [[-0.60617842, -0.79468262,  0.03205089],
         [-0.60581048, -0.79496284,  0.03205853],
         [-0.60544221, -0.79524304,  0.03206616],
         ...,
         [ 0.41824813, -0.90784987,  0.02961612],
         [ 0.41866496, -0.90765803,  0.02960668],
         [ 0.41908148, -0.9074661 ,  0.02959724]],

        [[-0.60624809, -0.79460891,  0.03255649],
         [-0.60588015, -0.79488919,  0.03256427],
         [-0.60551187, -0.79516944,  0.03257204],
         ...,
         [ 0.4183351 , -0.90779323,  0.03011951],
         [ 0.41875196, -0.90760134,  0.03010992],
         [ 0.4191685 , -0.90740936,  0.03010034]],

        ...,

        [[-0.57972638, -0.58284868,  0.56938979],
         [-0.57935163, -0.58306952,  0.56954509],
         [-0.57897656, -0.58329036,  0.56970036],
         ...,
         [ 0.44226188, -0.69652655,  0.56502672],
         [ 0.44267139, -0.69639419,  0.56486916],
         [ 0.44308057, -0.69626176,  0.56471158]],

        [[-0.57961194, -0.5825619 ,  0.56979964],
         [-0.5792372 , -0.5827826 ,  0.56995501],
         [-0.57886213, -0.5830033 ,  0.57011033],
         ...,
         [ 0.44221604, -0.69622338,  0.56543609],
         [ 0.44262552, -0.69609116,  0.56527848],
         [ 0.44303467, -0.69595886,  0.56512083]],

        [[-0.57949739, -0.58227505,  0.57020921],
         [-0.57912265, -0.58249561,  0.57036464],
         [-0.57874758, -0.58271617,  0.57052003],
         ...,
         [ 0.44217011, -0.69592012,  0.56584519],
         [ 0.44257955, -0.69578803,  0.56568751],
         [ 0.44298867, -0.69565587,  0.5655298 ]]]]), radii=array([[[[0.00041754],
         [0.00041754],
         [0.00041754],
         ...,
         [0.00041754],
         [0.00041754],
         [0.00041754]],

        [[0.00041754],
         [0.00041754],
         [0.00041754],
         ...,
         [0.00041754],
         [0.00041754],
         [0.00041754]],

        [[0.00041754],
         [0.00041754],
         [0.00041754],
         ...,
         [0.00041754],
         [0.00041754],
         [0.00041754]],

        ...,

        [[0.00041754],
         [0.00041754],
         [0.00041754],
         ...,
         [0.00041754],
         [0.00041754],
         [0.00041754]],

        [[0.00041754],
         [0.00041754],
         [0.00041754],
         ...,
         [0.00041754],
         [0.00041754],
         [0.00041754]],

        [[0.00041754],
         [0.00041754],
         [0.00041754],
         ...,
         [0.00041754],
         [0.00041754],
         [0.00041754]]],


       [[[0.00034202],
         [0.00034202],
         [0.00034202],
         ...,
         [0.00034202],
         [0.00034202],
         [0.00034202]],

        [[0.00034202],
         [0.00034202],
         [0.00034202],
         ...,
         [0.00034202],
         [0.00034202],
         [0.00034202]],

        [[0.00034202],
         [0.00034202],
         [0.00034202],
         ...,
         [0.00034202],
         [0.00034202],
         [0.00034202]],

        ...,

        [[0.00034202],
         [0.00034202],
         [0.00034202],
         ...,
         [0.00034202],
         [0.00034202],
         [0.00034202]],

        [[0.00034202],
         [0.00034202],
         [0.00034202],
         ...,
         [0.00034202],
         [0.00034202],
         [0.00034202]],

        [[0.00034202],
         [0.00034202],
         [0.00034202],
         ...,
         [0.00034202],
         [0.00034202],
         [0.00034202]]],


       [[[0.00038174],
         [0.00038174],
         [0.00038174],
         ...,
         [0.00038174],
         [0.00038174],
         [0.00038174]],

        [[0.00038174],
         [0.00038174],
         [0.00038174],
         ...,
         [0.00038174],
         [0.00038174],
         [0.00038174]],

        [[0.00038174],
         [0.00038174],
         [0.00038174],
         ...,
         [0.00038174],
         [0.00038174],
         [0.00038174]],

        ...,

        [[0.00038174],
         [0.00038174],
         [0.00038174],
         ...,
         [0.00038174],
         [0.00038174],
         [0.00038174]],

        [[0.00038174],
         [0.00038174],
         [0.00038174],
         ...,
         [0.00038174],
         [0.00038174],
         [0.00038174]],

        [[0.00038174],
         [0.00038174],
         [0.00038174],
         ...,
         [0.00038174],
         [0.00038174],
         [0.00038174]]],


       ...,


       [[[0.00039372],
         [0.00039372],
         [0.00039372],
         ...,
         [0.00039372],
         [0.00039372],
         [0.00039372]],

        [[0.00039372],
         [0.00039372],
         [0.00039372],
         ...,
         [0.00039372],
         [0.00039372],
         [0.00039372]],

        [[0.00039372],
         [0.00039372],
         [0.00039372],
         ...,
         [0.00039372],
         [0.00039372],
         [0.00039372]],

        ...,

        [[0.00039372],
         [0.00039372],
         [0.00039372],
         ...,
         [0.00039372],
         [0.00039372],
         [0.00039372]],

        [[0.00039372],
         [0.00039372],
         [0.00039372],
         ...,
         [0.00039372],
         [0.00039372],
         [0.00039372]],

        [[0.00039372],
         [0.00039372],
         [0.00039372],
         ...,
         [0.00039372],
         [0.00039372],
         [0.00039372]]],


       [[[0.00038212],
         [0.00038212],
         [0.00038212],
         ...,
         [0.00038212],
         [0.00038212],
         [0.00038212]],

        [[0.00038212],
         [0.00038212],
         [0.00038212],
         ...,
         [0.00038212],
         [0.00038212],
         [0.00038212]],

        [[0.00038212],
         [0.00038212],
         [0.00038212],
         ...,
         [0.00038212],
         [0.00038212],
         [0.00038212]],

        ...,

        [[0.00038212],
         [0.00038212],
         [0.00038212],
         ...,
         [0.00038212],
         [0.00038212],
         [0.00038212]],

        [[0.00038212],
         [0.00038212],
         [0.00038212],
         ...,
         [0.00038212],
         [0.00038212],
         [0.00038212]],

        [[0.00038212],
         [0.00038212],
         [0.00038212],
         ...,
         [0.00038212],
         [0.00038212],
         [0.00038212]]],


       [[[0.0003836 ],
         [0.0003836 ],
         [0.0003836 ],
         ...,
         [0.0003836 ],
         [0.0003836 ],
         [0.0003836 ]],

        [[0.0003836 ],
         [0.0003836 ],
         [0.0003836 ],
         ...,
         [0.0003836 ],
         [0.0003836 ],
         [0.0003836 ]],

        [[0.0003836 ],
         [0.0003836 ],
         [0.0003836 ],
         ...,
         [0.0003836 ],
         [0.0003836 ],
         [0.0003836 ]],

        ...,

        [[0.0003836 ],
         [0.0003836 ],
         [0.0003836 ],
         ...,
         [0.0003836 ],
         [0.0003836 ],
         [0.0003836 ]],

        [[0.0003836 ],
         [0.0003836 ],
         [0.0003836 ],
         ...,
         [0.0003836 ],
         [0.0003836 ],
         [0.0003836 ]],

        [[0.0003836 ],
         [0.0003836 ],
         [0.0003836 ],
         ...,
         [0.0003836 ],
         [0.0003836 ],
         [0.0003836 ]]]]), lossmult=array([[[[1.],
         [1.],
         [1.],
         ...,
         [1.],
         [1.],
         [1.]],

        [[1.],
         [1.],
         [1.],
         ...,
         [1.],
         [1.],
         [1.]],

        [[1.],
         [1.],
         [1.],
         ...,
         [1.],
         [1.],
         [1.]],

        ...,

        [[1.],
         [1.],
         [1.],
         ...,
         [1.],
         [1.],
         [1.]],

        [[1.],
         [1.],
         [1.],
         ...,
         [1.],
         [1.],
         [1.]],

        [[1.],
         [1.],
         [1.],
         ...,
         [1.],
         [1.],
         [1.]]],


       [[[1.],
         [1.],
         [1.],
         ...,
         [1.],
         [1.],
         [1.]],

        [[1.],
         [1.],
         [1.],
         ...,
         [1.],
         [1.],
         [1.]],

        [[1.],
         [1.],
         [1.],
         ...,
         [1.],
         [1.],
         [1.]],

        ...,

        [[1.],
         [1.],
         [1.],
         ...,
         [1.],
         [1.],
         [1.]],

        [[1.],
         [1.],
         [1.],
         ...,
         [1.],
         [1.],
         [1.]],

        [[1.],
         [1.],
         [1.],
         ...,
         [1.],
         [1.],
         [1.]]],


       [[[1.],
         [1.],
         [1.],
         ...,
         [1.],
         [1.],
         [1.]],

        [[1.],
         [1.],
         [1.],
         ...,
         [1.],
         [1.],
         [1.]],

        [[1.],
         [1.],
         [1.],
         ...,
         [1.],
         [1.],
         [1.]],

        ...,

        [[1.],
         [1.],
         [1.],
         ...,
         [1.],
         [1.],
         [1.]],

        [[1.],
         [1.],
         [1.],
         ...,
         [1.],
         [1.],
         [1.]],

        [[1.],
         [1.],
         [1.],
         ...,
         [1.],
         [1.],
         [1.]]],


       ...,


       [[[1.],
         [1.],
         [1.],
         ...,
         [1.],
         [1.],
         [1.]],

        [[1.],
         [1.],
         [1.],
         ...,
         [1.],
         [1.],
         [1.]],

        [[1.],
         [1.],
         [1.],
         ...,
         [1.],
         [1.],
         [1.]],

        ...,

        [[1.],
         [1.],
         [1.],
         ...,
         [1.],
         [1.],
         [1.]],

        [[1.],
         [1.],
         [1.],
         ...,
         [1.],
         [1.],
         [1.]],

        [[1.],
         [1.],
         [1.],
         ...,
         [1.],
         [1.],
         [1.]]],


       [[[1.],
         [1.],
         [1.],
         ...,
         [1.],
         [1.],
         [1.]],

        [[1.],
         [1.],
         [1.],
         ...,
         [1.],
         [1.],
         [1.]],

        [[1.],
         [1.],
         [1.],
         ...,
         [1.],
         [1.],
         [1.]],

        ...,

        [[1.],
         [1.],
         [1.],
         ...,
         [1.],
         [1.],
         [1.]],

        [[1.],
         [1.],
         [1.],
         ...,
         [1.],
         [1.],
         [1.]],

        [[1.],
         [1.],
         [1.],
         ...,
         [1.],
         [1.],
         [1.]]],


       [[[1.],
         [1.],
         [1.],
         ...,
         [1.],
         [1.],
         [1.]],

        [[1.],
         [1.],
         [1.],
         ...,
         [1.],
         [1.],
         [1.]],

        [[1.],
         [1.],
         [1.],
         ...,
         [1.],
         [1.],
         [1.]],

        ...,

        [[1.],
         [1.],
         [1.],
         ...,
         [1.],
         [1.],
         [1.]],

        [[1.],
         [1.],
         [1.],
         ...,
         [1.],
         [1.],
         [1.]],

        [[1.],
         [1.],
         [1.],
         ...,
         [1.],
         [1.],
         [1.]]]]), near=array([[[[2.],
         [2.],
         [2.],
         ...,
         [2.],
         [2.],
         [2.]],

        [[2.],
         [2.],
         [2.],
         ...,
         [2.],
         [2.],
         [2.]],

        [[2.],
         [2.],
         [2.],
         ...,
         [2.],
         [2.],
         [2.]],

        ...,

        [[2.],
         [2.],
         [2.],
         ...,
         [2.],
         [2.],
         [2.]],

        [[2.],
         [2.],
         [2.],
         ...,
         [2.],
         [2.],
         [2.]],

        [[2.],
         [2.],
         [2.],
         ...,
         [2.],
         [2.],
         [2.]]],


       [[[2.],
         [2.],
         [2.],
         ...,
         [2.],
         [2.],
         [2.]],

        [[2.],
         [2.],
         [2.],
         ...,
         [2.],
         [2.],
         [2.]],

        [[2.],
         [2.],
         [2.],
         ...,
         [2.],
         [2.],
         [2.]],

        ...,

        [[2.],
         [2.],
         [2.],
         ...,
         [2.],
         [2.],
         [2.]],

        [[2.],
         [2.],
         [2.],
         ...,
         [2.],
         [2.],
         [2.]],

        [[2.],
         [2.],
         [2.],
         ...,
         [2.],
         [2.],
         [2.]]],


       [[[2.],
         [2.],
         [2.],
         ...,
         [2.],
         [2.],
         [2.]],

        [[2.],
         [2.],
         [2.],
         ...,
         [2.],
         [2.],
         [2.]],

        [[2.],
         [2.],
         [2.],
         ...,
         [2.],
         [2.],
         [2.]],

        ...,

        [[2.],
         [2.],
         [2.],
         ...,
         [2.],
         [2.],
         [2.]],

        [[2.],
         [2.],
         [2.],
         ...,
         [2.],
         [2.],
         [2.]],

        [[2.],
         [2.],
         [2.],
         ...,
         [2.],
         [2.],
         [2.]]],


       ...,


       [[[2.],
         [2.],
         [2.],
         ...,
         [2.],
         [2.],
         [2.]],

        [[2.],
         [2.],
         [2.],
         ...,
         [2.],
         [2.],
         [2.]],

        [[2.],
         [2.],
         [2.],
         ...,
         [2.],
         [2.],
         [2.]],

        ...,

        [[2.],
         [2.],
         [2.],
         ...,
         [2.],
         [2.],
         [2.]],

        [[2.],
         [2.],
         [2.],
         ...,
         [2.],
         [2.],
         [2.]],

        [[2.],
         [2.],
         [2.],
         ...,
         [2.],
         [2.],
         [2.]]],


       [[[2.],
         [2.],
         [2.],
         ...,
         [2.],
         [2.],
         [2.]],

        [[2.],
         [2.],
         [2.],
         ...,
         [2.],
         [2.],
         [2.]],

        [[2.],
         [2.],
         [2.],
         ...,
         [2.],
         [2.],
         [2.]],

        ...,

        [[2.],
         [2.],
         [2.],
         ...,
         [2.],
         [2.],
         [2.]],

        [[2.],
         [2.],
         [2.],
         ...,
         [2.],
         [2.],
         [2.]],

        [[2.],
         [2.],
         [2.],
         ...,
         [2.],
         [2.],
         [2.]]],


       [[[2.],
         [2.],
         [2.],
         ...,
         [2.],
         [2.],
         [2.]],

        [[2.],
         [2.],
         [2.],
         ...,
         [2.],
         [2.],
         [2.]],

        [[2.],
         [2.],
         [2.],
         ...,
         [2.],
         [2.],
         [2.]],

        ...,

        [[2.],
         [2.],
         [2.],
         ...,
         [2.],
         [2.],
         [2.]],

        [[2.],
         [2.],
         [2.],
         ...,
         [2.],
         [2.],
         [2.]],

        [[2.],
         [2.],
         [2.],
         ...,
         [2.],
         [2.],
         [2.]]]]), far=array([[[[6.],
         [6.],
         [6.],
         ...,
         [6.],
         [6.],
         [6.]],

        [[6.],
         [6.],
         [6.],
         ...,
         [6.],
         [6.],
         [6.]],

        [[6.],
         [6.],
         [6.],
         ...,
         [6.],
         [6.],
         [6.]],

        ...,

        [[6.],
         [6.],
         [6.],
         ...,
         [6.],
         [6.],
         [6.]],

        [[6.],
         [6.],
         [6.],
         ...,
         [6.],
         [6.],
         [6.]],

        [[6.],
         [6.],
         [6.],
         ...,
         [6.],
         [6.],
         [6.]]],


       [[[6.],
         [6.],
         [6.],
         ...,
         [6.],
         [6.],
         [6.]],

        [[6.],
         [6.],
         [6.],
         ...,
         [6.],
         [6.],
         [6.]],

        [[6.],
         [6.],
         [6.],
         ...,
         [6.],
         [6.],
         [6.]],

        ...,

        [[6.],
         [6.],
         [6.],
         ...,
         [6.],
         [6.],
         [6.]],

        [[6.],
         [6.],
         [6.],
         ...,
         [6.],
         [6.],
         [6.]],

        [[6.],
         [6.],
         [6.],
         ...,
         [6.],
         [6.],
         [6.]]],


       [[[6.],
         [6.],
         [6.],
         ...,
         [6.],
         [6.],
         [6.]],

        [[6.],
         [6.],
         [6.],
         ...,
         [6.],
         [6.],
         [6.]],

        [[6.],
         [6.],
         [6.],
         ...,
         [6.],
         [6.],
         [6.]],

        ...,

        [[6.],
         [6.],
         [6.],
         ...,
         [6.],
         [6.],
         [6.]],

        [[6.],
         [6.],
         [6.],
         ...,
         [6.],
         [6.],
         [6.]],

        [[6.],
         [6.],
         [6.],
         ...,
         [6.],
         [6.],
         [6.]]],


       ...,


       [[[6.],
         [6.],
         [6.],
         ...,
         [6.],
         [6.],
         [6.]],

        [[6.],
         [6.],
         [6.],
         ...,
         [6.],
         [6.],
         [6.]],

        [[6.],
         [6.],
         [6.],
         ...,
         [6.],
         [6.],
         [6.]],

        ...,

        [[6.],
         [6.],
         [6.],
         ...,
         [6.],
         [6.],
         [6.]],

        [[6.],
         [6.],
         [6.],
         ...,
         [6.],
         [6.],
         [6.]],

        [[6.],
         [6.],
         [6.],
         ...,
         [6.],
         [6.],
         [6.]]],


       [[[6.],
         [6.],
         [6.],
         ...,
         [6.],
         [6.],
         [6.]],

        [[6.],
         [6.],
         [6.],
         ...,
         [6.],
         [6.],
         [6.]],

        [[6.],
         [6.],
         [6.],
         ...,
         [6.],
         [6.],
         [6.]],

        ...,

        [[6.],
         [6.],
         [6.],
         ...,
         [6.],
         [6.],
         [6.]],

        [[6.],
         [6.],
         [6.],
         ...,
         [6.],
         [6.],
         [6.]],

        [[6.],
         [6.],
         [6.],
         ...,
         [6.],
         [6.],
         [6.]]],


       [[[6.],
         [6.],
         [6.],
         ...,
         [6.],
         [6.],
         [6.]],

        [[6.],
         [6.],
         [6.],
         ...,
         [6.],
         [6.],
         [6.]],

        [[6.],
         [6.],
         [6.],
         ...,
         [6.],
         [6.],
         [6.]],

        ...,

        [[6.],
         [6.],
         [6.],
         ...,
         [6.],
         [6.],
         [6.]],

        [[6.],
         [6.],
         [6.],
         ...,
         [6.],
         [6.],
         [6.]],

        [[6.],
         [6.],
         [6.],
         ...,
         [6.],
         [6.],
         [6.]]]]))